  0.10000000000000001        3.9263446351518342E-004   3.9263446351518342E-004
  0.15000000000000002        3.9291996963579959E-004   3.9291996963579959E-004
  0.20000000000000001        3.9329362006853722E-004   3.9329362006853722E-004
  0.25000000000000000        3.9374348307313683E-004   3.9374348307313683E-004
  0.30000000000000004        3.9425931707302771E-004   3.9425931707302771E-004
  0.35000000000000003        3.9483232839575104E-004   3.9483232839575104E-004
  0.40000000000000002        3.9545496458430262E-004   3.9545496458430262E-004
  0.45000000000000001        3.9612073781936964E-004   3.9612073781936964E-004
  0.50000000000000000        3.9682407386686108E-004   3.9682407386686108E-004
  0.55000000000000004        3.9756018281868839E-004   3.9756018281868839E-004
  0.60000000000000009        3.9832494832442455E-004   3.9832494832442455E-004
  0.65000000000000002        3.9911483273869349E-004   3.9911483273869349E-004
  0.70000000000000007        3.9992679560627763E-004   3.9992679560627763E-004
  0.75000000000000000        4.0075822392134189E-004   4.0075822392134189E-004
  0.80000000000000004        4.0160687211483813E-004   4.0160687211483813E-004
  0.85000000000000009        4.0247081052321299E-004   4.0247081052321299E-004
  0.90000000000000002        4.0334838119166400E-004   4.0334838119166400E-004
  0.95000000000000007        4.0423815987599879E-004   4.0423815987599879E-004
   1.0000000000000000        4.0513892332506331E-004   4.0513892332506331E-004
   1.0500000000000000        4.0604962122615956E-004   4.0604962122615956E-004
   1.1000000000000001        4.0696935205896870E-004   4.0696935205896870E-004
   1.1500000000000001        4.0789734232542582E-004   4.0789734232542582E-004
   1.2000000000000002        4.0883292868777678E-004   4.0883292868777678E-004
   1.2500000000000000        4.0977554264194914E-004   4.0977554264194914E-004
   1.3000000000000000        4.1072469723688336E-004   4.1072469723688336E-004
   1.3500000000000001        4.1167997575826106E-004   4.1167997575826106E-004
   1.4000000000000001        4.1264102197022994E-004   4.1264102197022994E-004
   1.4500000000000002        4.1360753162636356E-004   4.1360753162636356E-004
   1.5000000000000000        4.1457924529535460E-004   4.1457924529535460E-004
   1.5500000000000000        4.1555594212442038E-004   4.1555594212442038E-004
   1.6000000000000001        4.1653743442885929E-004   4.1653743442885929E-004
   1.6500000000000001        4.1752356315601883E-004   4.1752356315601883E-004
   1.7000000000000002        4.1851419383821006E-004   4.1851419383821006E-004
   1.7500000000000000        4.1950921325452275E-004   4.1950921325452275E-004
   1.8000000000000000        4.2050852639196419E-004   4.2050852639196419E-004
   1.8500000000000001        4.2151205402357915E-004   4.2151205402357915E-004
   1.9000000000000001        4.2251973048473504E-004   4.2251973048473504E-004
   1.9500000000000002        4.2353150176295198E-004   4.2353150176295198E-004
   2.0000000000000000        4.2454732393667924E-004   4.2454732393667924E-004
   2.0500000000000003        4.2556716176559513E-004   4.2556716176559513E-004
   2.1000000000000001        4.2659098751130707E-004   4.2659098751130707E-004
   2.1499999999999999        4.2761877989112813E-004   4.2761877989112813E-004
   2.2000000000000002        4.2865052320822017E-004   4.2865052320822017E-004
   2.2500000000000000        4.2968620656009171E-004   4.2968620656009171E-004
   2.3000000000000003        4.3072582322600719E-004   4.3072582322600719E-004
   2.3500000000000001        4.3176937008911314E-004   4.3176937008911314E-004
   2.4000000000000004        4.3281684714237858E-004   4.3281684714237858E-004
   2.4500000000000002        4.3386825708172311E-004   4.3386825708172311E-004
   2.5000000000000000        4.3492360491604297E-004   4.3492360491604297E-004
   2.5500000000000003        4.3598289770509474E-004   4.3598289770509474E-004
   2.6000000000000001        4.3704614429022171E-004   4.3704614429022171E-004
   2.6500000000000004        4.3811335499819031E-004   4.3811335499819031E-004
   2.7000000000000002        4.3918454154651452E-004   4.3918454154651452E-004
   2.7500000000000000        4.4025971677169910E-004   4.4025971677169910E-004
   2.8000000000000003        4.4133889457845883E-004   4.4133889457845883E-004
   2.8500000000000001        4.4242208974748065E-004   4.4242208974748065E-004
   2.9000000000000004        4.4350931784614477E-004   4.4350931784614477E-004
   2.9500000000000002        4.4460059516543849E-004   4.4460059516543849E-004
   3.0000000000000000        4.4569593858335478E-004   4.4569593858335478E-004
   3.0500000000000003        4.4679536555499144E-004   4.4679536555499144E-004
   3.1000000000000001        4.4789889400729768E-004   4.4789889400729768E-004
   3.1500000000000004        4.4900654233515335E-004   4.4900654233515335E-004
   3.2000000000000002        4.5011832930164032E-004   4.5011832930164032E-004
   3.2500000000000000        4.5123427406213226E-004   4.5123427406213226E-004
   3.3000000000000003        4.5235439608635639E-004   4.5235439608635639E-004
   3.3500000000000001        4.5347871515544484E-004   4.5347871515544484E-004
   3.4000000000000004        4.5460725131412136E-004   4.5460725131412136E-004
   3.4500000000000002        4.5574002488856050E-004   4.5574002488856050E-004
   3.5000000000000000        4.5687705641020947E-004   4.5687705641020947E-004
   3.5500000000000003        4.5801836670925203E-004   4.5801836670925203E-004
   3.6000000000000001        4.5916397675430825E-004   4.5916397675430825E-004
   3.6500000000000004        4.6031390778421472E-004   4.6031390778421472E-004
   3.7000000000000002        4.6146818119816192E-004   4.6146818119816192E-004
   3.7500000000000000        4.6262681858041759E-004   4.6262681858041759E-004
   3.8000000000000003        4.6378984173322884E-004   4.6378984173322884E-004
   3.8500000000000001        4.6495727262445719E-004   4.6495727262445719E-004
   3.9000000000000004        4.6612913338134294E-004   4.6612913338134294E-004
   3.9500000000000002        4.6730544630174919E-004   4.6730544630174919E-004
   4.0000000000000000        4.6848623387224357E-004   4.6848623387224357E-004
   4.0499999999999998        4.6967151872385923E-004   4.6967151872385923E-004
   4.1000000000000005        4.7086132368385954E-004   4.7086132368385954E-004
   4.1500000000000004        4.7205567170272814E-004   4.7205567170272814E-004
   4.2000000000000002        4.7325458588489550E-004   4.7325458588489550E-004
   4.2500000000000000        4.7445808955688890E-004   4.7445808955688890E-004
   4.2999999999999998        4.7566620615092291E-004   4.7566620615092291E-004
   4.3500000000000005        4.7687895926585753E-004   4.7687895926585753E-004
   4.4000000000000004        4.7809637267842513E-004   4.7809637267842513E-004
   4.4500000000000002        4.7931847032229772E-004   4.7931847032229772E-004
   4.5000000000000000        4.8054527627603555E-004   4.8054527627603555E-004
   4.5499999999999998        4.8177681478837593E-004   4.8177681478837593E-004
   4.6000000000000005        4.8301311028863214E-004   4.8301311028863214E-004
   4.6500000000000004        4.8425418731068963E-004   4.8425418731068963E-004
   4.7000000000000002        4.8550007062233717E-004   4.8550007062233717E-004
   4.7500000000000000        4.8675078509131833E-004   4.8675078509131833E-004
   4.8000000000000007        4.8800635579354450E-004   4.8800635579354450E-004
   4.8500000000000005        4.8926680796095826E-004   4.8926680796095826E-004
   4.9000000000000004        4.9053216696865127E-004   4.9053216696865127E-004
   4.9500000000000002        4.9180245836706875E-004   4.9180245836706875E-004
   5.0000000000000000        4.9307770792665021E-004   4.9307770792665021E-004
   5.0500000000000007        4.9435794150778380E-004   4.9435794150778380E-004
   5.1000000000000005        4.9564318518757538E-004   4.9564318518757538E-004
   5.1500000000000004        4.9693346520034100E-004   4.9693346520034100E-004
   5.2000000000000002        4.9822880797934551E-004   4.9822880797934551E-004
   5.2500000000000000        4.9952924008614147E-004   4.9952924008614147E-004
   5.3000000000000007        5.0083478830069287E-004   5.0083478830069287E-004
   5.3500000000000005        5.0214547956391620E-004   5.0214547956391620E-004
   5.4000000000000004        5.0346134099475129E-004   5.0346134099475129E-004
   5.4500000000000002        5.0478239985527883E-004   5.0478239985527883E-004
   5.5000000000000000        5.0610868365810638E-004   5.0610868365810638E-004
   5.5500000000000007        5.0744022006686594E-004   5.0744022006686594E-004
   5.6000000000000005        5.0877703691141248E-004   5.0877703691141248E-004
   5.6500000000000004        5.1011916223678852E-004   5.1011916223678852E-004
   5.7000000000000002        5.1146662424098402E-004   5.1146662424098402E-004
   5.7500000000000000        5.1281945135900971E-004   5.1281945135900971E-004
   5.8000000000000007        5.1417767215530721E-004   5.1417767215530721E-004
   5.8500000000000005        5.1554131544827894E-004   5.1554131544827894E-004
   5.9000000000000004        5.1691041019288355E-004   5.1691041019288355E-004
   5.9500000000000002        5.1828498556214853E-004   5.1828498556214853E-004
   6.0000000000000000        5.1966507092564718E-004   5.1966507092564718E-004
   6.0500000000000007        5.2105069587115725E-004   5.2105069587115725E-004
   6.1000000000000005        5.2244189014047425E-004   5.2244189014047425E-004
   6.1500000000000004        5.2383868371411971E-004   5.2383868371411971E-004
   6.2000000000000002        5.2524110676097091E-004   5.2524110676097091E-004
   6.2500000000000000        5.2664918966094354E-004   5.2664918966094354E-004
   6.3000000000000007        5.2806296297589058E-004   5.2806296297589058E-004
   6.3500000000000005        5.2948245749175754E-004   5.2948245749175754E-004
   6.4000000000000004        5.3090770421243235E-004   5.3090770421243235E-004
   6.4500000000000002        5.3233873436265276E-004   5.3233873436265276E-004
   6.5000000000000000        5.3377557932876346E-004   5.3377557932876346E-004
   6.5500000000000007        5.3521827074864514E-004   5.3521827074864514E-004
   6.6000000000000005        5.3666684048376905E-004   5.3666684048376905E-004
   6.6500000000000004        5.3812132058827405E-004   5.3812132058827405E-004
   6.7000000000000002        5.3958174334718320E-004   5.3958174334718320E-004
   6.7500000000000000        5.4104814127221997E-004   5.4104814127221997E-004
   6.8000000000000007        5.4252054709295449E-004   5.4252054709295449E-004
   6.8500000000000005        5.4399899375781862E-004   5.4399899375781862E-004
   6.9000000000000004        5.4548351444057123E-004   5.4548351444057123E-004
   6.9500000000000002        5.4697414256374812E-004   5.4697414256374812E-004
   7.0000000000000000        5.4847091176849709E-004   5.4847091176849709E-004
   7.0500000000000007        5.4997385593708525E-004   5.4997385593708525E-004
   7.1000000000000005        5.5148300914676870E-004   5.5148300914676870E-004
   7.1500000000000004        5.5299840576614385E-004   5.5299840576614385E-004
   7.2000000000000002        5.5452008037191526E-004   5.5452008037191526E-004
   7.2500000000000000        5.5604806777957260E-004   5.5604806777957260E-004
   7.3000000000000007        5.5758240303833246E-004   5.5758240303833246E-004
   7.3500000000000005        5.5912312146614879E-004   5.5912312146614879E-004
   7.4000000000000004        5.6067025863701565E-004   5.6067025863701565E-004
   7.4500000000000002        5.6222385034183952E-004   5.6222385034183952E-004
   7.5000000000000000        5.6378393264782832E-004   5.6378393264782832E-004
   7.5500000000000007        5.6535054183358901E-004   5.6535054183358901E-004
   7.6000000000000005        5.6692371445858690E-004   5.6692371445858690E-004
   7.6500000000000004        5.6850348738603446E-004   5.6850348738603446E-004
   7.7000000000000002        5.7008989764142448E-004   5.7008989764142448E-004
   7.7500000000000000        5.7168298256996821E-004   5.7168298256996821E-004
   7.8000000000000007        5.7328277981621501E-004   5.7328277981621501E-004
   7.8500000000000005        5.7488932721019219E-004   5.7488932721019219E-004
   7.9000000000000004        5.7650266290015502E-004   5.7650266290015502E-004
   7.9500000000000002        5.7812282529296020E-004   5.7812282529296020E-004
   8.0000000000000000        5.7974985305574969E-004   5.7974985305574969E-004
   8.0500000000000007        5.8138378515366462E-004   5.8138378515366462E-004
   8.0999999999999996        5.8302466081150807E-004   5.8302466081150807E-004
   8.1500000000000004        5.8467251955552691E-004   5.8467251955552691E-004
   8.2000000000000011        5.8632740115158828E-004   5.8632740115158828E-004
   8.2500000000000000        5.8798934569539497E-004   5.8798934569539497E-004
   8.3000000000000007        5.8965839354703444E-004   5.8965839354703444E-004
   8.3499999999999996        5.9133458536664502E-004   5.9133458536664502E-004
   8.4000000000000004        5.9301796208253228E-004   5.9301796208253228E-004
   8.4500000000000011        5.9470856494171884E-004   5.9470856494171884E-004
   8.5000000000000000        5.9640643548468700E-004   5.9640643548468700E-004
   8.5500000000000007        5.9811161555456752E-004   5.9811161555456752E-004
   8.5999999999999996        5.9982414728311994E-004   5.9982414728311994E-004
   8.6500000000000004        6.0154407311130442E-004   6.0154407311130442E-004
   8.7000000000000011        6.0327143577584147E-004   6.0327143577584147E-004
   8.7500000000000000        6.0500627836504884E-004   6.0500627836504884E-004
   8.8000000000000007        6.0674864424872376E-004   6.0674864424872376E-004
   8.8499999999999996        6.0849857707335434E-004   6.0849857707335434E-004
   8.9000000000000004        6.1025612088602362E-004   6.1025612088602362E-004
   8.9500000000000011        6.1202132000828845E-004   6.1202132000828845E-004
   9.0000000000000000        6.1379421910604231E-004   6.1379421910604231E-004
   9.0500000000000007        6.1557486315223905E-004   6.1557486315223905E-004
   9.0999999999999996        6.1736329744913748E-004   6.1736329744913748E-004
   9.1500000000000004        6.1915956762520832E-004   6.1915956762520832E-004
   9.2000000000000011        6.2096371968041139E-004   6.2096371968041139E-004
   9.2500000000000000        6.2277579990705227E-004   6.2277579990705227E-004
   9.3000000000000007        6.2459585496857232E-004   6.2459585496857232E-004
   9.3499999999999996        6.2642393187609710E-004   6.2642393187609710E-004
   9.4000000000000004        6.2826007800082352E-004   6.2826007800082352E-004
   9.4500000000000011        6.3010434099140995E-004   6.3010434099140995E-004
   9.5000000000000000        6.3195676895355679E-004   6.3195676895355679E-004
   9.5500000000000007        6.3381741026464350E-004   6.3381741026464350E-004
   9.6000000000000014        6.3568631368863832E-004   6.3568631368863832E-004
   9.6500000000000004        6.3756352837267228E-004   6.3756352837267228E-004
   9.7000000000000011        6.3944910384006843E-004   6.3944910384006843E-004
   9.7500000000000000        6.4134308993158068E-004   6.4134308993158068E-004
   9.8000000000000007        6.4324553690158718E-004   6.4324553690158718E-004
   9.8500000000000014        6.4515649536993434E-004   6.4515649536993434E-004
   9.9000000000000004        6.4707601633212371E-004   6.4707601633212371E-004
   9.9500000000000011        6.4900415118866641E-004   6.4900415118866641E-004
   10.000000000000000        6.5094095167051564E-004   6.5094095167051564E-004
   10.050000000000001        6.5288646998865160E-004   6.5288646998865160E-004
   10.100000000000001        6.5484075867502814E-004   6.5484075867502814E-004
   10.150000000000000        6.5680387068162301E-004   6.5680387068162301E-004
   10.200000000000001        6.5877585936765474E-004   6.5877585936765474E-004
   10.250000000000000        6.6075677849341348E-004   6.6075677849341348E-004
   10.300000000000001        6.6274668221851223E-004   6.6274668221851223E-004
   10.350000000000001        6.6474562513114629E-004   6.6474562513114629E-004
   10.400000000000000        6.6675366223724265E-004   6.6675366223724265E-004
   10.450000000000001        6.6877084893883010E-004   6.6877084893883010E-004
   10.500000000000000        6.7079724106983900E-004   6.7079724106983900E-004
   10.550000000000001        6.7283289489887663E-004   6.7283289489887663E-004
   10.600000000000001        6.7487786712435338E-004   6.7487786712435338E-004
   10.650000000000000        6.7693221489999026E-004   6.7693221489999026E-004
   10.700000000000001        6.7899599579071524E-004   6.7899599579071524E-004
   10.750000000000000        6.8106926779293081E-004   6.8106926779293081E-004
   10.800000000000001        6.8315208940558181E-004   6.8315208940558181E-004
   10.850000000000001        6.8524451952408901E-004   6.8524451952408901E-004
   10.900000000000000        6.8734661752956419E-004   6.8734661752956419E-004
   10.950000000000001        6.8945844326684716E-004   6.8945844326684716E-004
   11.000000000000000        6.9158005701987430E-004   6.9158005701987430E-004
   11.050000000000001        6.9371151955709327E-004   6.9371151955709327E-004
   11.100000000000001        6.9585289213479427E-004   6.9585289213479427E-004
   11.150000000000000        6.9800423644609632E-004   6.9800423644609632E-004
   11.200000000000001        7.0016561470994353E-004   7.0016561470994353E-004
   11.250000000000000        7.0233708961172237E-004   7.0233708961172237E-004
   11.300000000000001        7.0451872435138248E-004   7.0451872435138248E-004
   11.350000000000001        7.0671058258252100E-004   7.0671058258252100E-004
   11.400000000000000        7.0891272848616746E-004   7.0891272848616746E-004
   11.450000000000001        7.1112522674084469E-004   7.1112522674084469E-004
   11.500000000000000        7.1334814254336875E-004   7.1334814254336875E-004
   11.550000000000001        7.1558154159953363E-004   7.1558154159953363E-004
   11.600000000000001        7.1782549015765866E-004   7.1782549015765866E-004
   11.650000000000000        7.2008005496136847E-004   7.2008005496136847E-004
   11.700000000000001        7.2234530329691861E-004   7.2234530329691861E-004
   11.750000000000000        7.2462130295777925E-004   7.2462130295777925E-004
   11.800000000000001        7.2690812232434224E-004   7.2690812232434224E-004
   11.850000000000001        7.2920583030233711E-004   7.2920583030233711E-004
   11.900000000000000        7.3151449636881492E-004   7.3151449636881492E-004
   11.950000000000001        7.3383419051456739E-004   7.3383419051456739E-004
   12.000000000000000        7.3616498329870373E-004   7.3616498329870373E-004
   12.050000000000001        7.3850694586983861E-004   7.3850694586983861E-004
   12.100000000000001        7.4086014992965179E-004   7.4086014992965179E-004
   12.150000000000000        7.4322466779633376E-004   7.4322466779633376E-004
   12.200000000000001        7.4560057234234042E-004   7.4560057234234042E-004
   12.250000000000000        7.4798793702940175E-004   7.4798793702940175E-004
   12.300000000000001        7.5038683591647072E-004   7.5038683591647072E-004
   12.350000000000001        7.5279734365508403E-004   7.5279734365508403E-004
   12.400000000000000        7.5521953550198543E-004   7.5521953550198543E-004
   12.450000000000001        7.5765348734009119E-004   7.5765348734009119E-004
   12.500000000000000        7.6009927566438756E-004   7.6009927566438756E-004
   12.550000000000001        7.6255697762665721E-004   7.6255697762665721E-004
   12.600000000000001        7.6502667092464020E-004   7.6502667092464020E-004
   12.650000000000000        7.6750843398787707E-004   7.6750843398787707E-004
   12.700000000000001        7.7000234584772426E-004   7.7000234584772426E-004
   12.750000000000000        7.7250848615930659E-004   7.7250848615930659E-004
   12.800000000000001        7.7502693528144339E-004   7.7502693528144339E-004
   12.850000000000001        7.7755777420736760E-004   7.7755777420736760E-004
   12.900000000000000        7.8010108460199821E-004   7.8010108460199821E-004
   12.950000000000001        7.8265694881061683E-004   7.8265694881061683E-004
   13.000000000000000        7.8522544985539780E-004   7.8522544985539780E-004
   13.050000000000001        7.8780667147507644E-004   7.8780667147507644E-004
   13.100000000000001        7.9040069807734335E-004   7.9040069807734335E-004
   13.150000000000000        7.9300761476736395E-004   7.9300761476736395E-004
   13.200000000000001        7.9562750737095951E-004   7.9562750737095951E-004
   13.250000000000000        7.9826046244643246E-004   7.9826046244643246E-004
   13.300000000000001        8.0090656725502420E-004   8.0090656725502420E-004
   13.350000000000001        8.0356590981488370E-004   8.0356590981488370E-004
   13.400000000000000        8.0623857883363491E-004   8.0623857883363491E-004
   13.450000000000001        8.0892466381627542E-004   8.0892466381627542E-004
   13.500000000000000        8.1162425499329638E-004   8.1162425499329638E-004
   13.550000000000001        8.1433744337473530E-004   8.1433744337473530E-004
   13.600000000000001        8.1706432072040135E-004   8.1706432072040135E-004
   13.650000000000000        8.1980497960293928E-004   8.1980497960293928E-004
   13.700000000000001        8.2255951334483772E-004   8.2255951334483772E-004
   13.750000000000000        8.2532801605482041E-004   8.2532801605482041E-004
   13.800000000000001        8.2811058269334557E-004   8.2811058269334557E-004
   13.850000000000001        8.3090730899864306E-004   8.3090730899864306E-004
   13.900000000000000        8.3371829150176956E-004   8.3371829150176956E-004
   13.950000000000001        8.3654362765634360E-004   8.3654362765634360E-004
   14.000000000000000        8.3938341563206346E-004   8.3938341563206346E-004
   14.050000000000001        8.4223775448948838E-004   8.4223775448948838E-004
   14.100000000000001        8.4510674417547795E-004   8.4510674417547795E-004
   14.150000000000000        8.4799048544292519E-004   8.4799048544292519E-004
   14.200000000000001        8.5088907995942284E-004   8.5088907995942284E-004
   14.250000000000000        8.5380263024018022E-004   8.5380263024018022E-004
   14.300000000000001        8.5673123969977219E-004   8.5673123969977219E-004
   14.350000000000001        8.5967501267231227E-004   8.5967501267231227E-004
   14.400000000000000        8.6263405435937121E-004   8.6263405435937121E-004
   14.450000000000001        8.6560847091883878E-004   8.6560847091883878E-004
   14.500000000000000        8.6859836939655072E-004   8.6859836939655072E-004
   14.550000000000001        8.7160385780278300E-004   8.7160385780278300E-004
   14.600000000000001        8.7462504508978951E-004   8.7462504508978951E-004
   14.650000000000000        8.7766204114617943E-004   8.7766204114617943E-004
   14.700000000000001        8.8071495685785846E-004   8.8071495685785846E-004
   14.750000000000000        8.8378390407640322E-004   8.8378390407640322E-004
   14.800000000000001        8.8686899560758668E-004   8.8686899560758668E-004
   14.850000000000001        8.8997034529633538E-004   8.8997034529633538E-004
   14.900000000000000        8.9308806797975561E-004   8.9308806797975561E-004
   14.950000000000001        8.9622227952643391E-004   8.9622227952643391E-004
   15.000000000000000        8.9937309683338568E-004   8.9937309683338568E-004
   15.050000000000001        9.0254063779419296E-004   9.0254063779419296E-004
   15.100000000000001        9.0572502141065560E-004   9.0572502141065560E-004
   15.150000000000000        9.0892636770541376E-004   9.0892636770541376E-004
   15.200000000000001        9.1214479778625333E-004   9.1214479778625333E-004
   15.250000000000000        9.1538043385797378E-004   9.1538043385797378E-004
   15.300000000000001        9.1863339922502215E-004   9.1863339922502215E-004
   15.350000000000001        9.2190381829336825E-004   9.2190381829336825E-004
   15.400000000000000        9.2519181659804202E-004   9.2519181659804202E-004
   15.450000000000001        9.2849752079006301E-004   9.2849752079006301E-004
   15.500000000000000        9.3182105869071136E-004   9.3182105869071136E-004
   15.550000000000001        9.3516255927190831E-004   9.3516255927190831E-004
   15.600000000000001        9.3852215265719267E-004   9.3852215265719267E-004
   15.650000000000000        9.4189997017299983E-004   9.4189997017299983E-004
   15.700000000000001        9.4529614434996220E-004   9.4529614434996220E-004
   15.750000000000000        9.4871080891242323E-004   9.4871080891242323E-004
   15.800000000000001        9.5214409881897409E-004   9.5214409881897409E-004
   15.850000000000001        9.5559615024212036E-004   9.5559615024212036E-004
   15.900000000000000        9.5906710061680902E-004   9.5906710061680902E-004
   15.950000000000001        9.6255708867171879E-004   9.6255708867171879E-004
   16.000000000000000        9.6606625439031623E-004   9.6606625439031623E-004
   16.050000000000001        9.6959473904080701E-004   9.6959473904080701E-004
   16.100000000000001        9.7314268519813963E-004   9.7314268519813963E-004
   16.150000000000002        9.7671023679289171E-004   9.7671023679289171E-004
   16.199999999999999        9.8029753905125934E-004   9.8029753905125934E-004
   16.250000000000000        9.8390473854264031E-004   9.8390473854264031E-004
   16.300000000000001        9.8753198326788794E-004   9.8753198326788794E-004
   16.350000000000001        9.9117942254692152E-004   9.9117942254692152E-004
   16.400000000000002        9.9484720711549867E-004   9.9484720711549867E-004
   16.449999999999999        9.9853548912043734E-004   9.9853548912043734E-004
   16.500000000000000        1.0022444221773012E-003   1.0022444221773012E-003
   16.550000000000001        1.0059741612901715E-003   1.0059741612901715E-003
   16.600000000000001        1.0097248629415616E-003   1.0097248629415616E-003
   16.650000000000002        1.0134966850810238E-003   1.0134966850810238E-003
   16.699999999999999        1.0172897872084759E-003   1.0172897872084759E-003
   16.750000000000000        1.0211043302651053E-003   1.0211043302651053E-003
   16.800000000000001        1.0249404767851487E-003   1.0249404767851487E-003
   16.850000000000001        1.0287983907950262E-003   1.0287983907950262E-003
   16.900000000000002        1.0326782379064961E-003   1.0326782379064961E-003
   16.949999999999999        1.0365801853328396E-003   1.0365801853328396E-003
   17.000000000000000        1.0405044018751038E-003   1.0405044018751038E-003
   17.050000000000001        1.0444510579313440E-003   1.0444510579313440E-003
   17.100000000000001        1.0484203255732916E-003   1.0484203255732916E-003
   17.150000000000002        1.0524123785189007E-003   1.0524123785189007E-003
   17.199999999999999        1.0564273921331957E-003   1.0564273921331957E-003
   17.250000000000000        1.0604655435223886E-003   1.0604655435223886E-003
   17.300000000000001        1.0645270114775299E-003   1.0645270114775299E-003
   17.350000000000001        1.0686119765504292E-003   1.0686119765504292E-003
   17.400000000000002        1.0727206210155158E-003   1.0727206210155158E-003
   17.449999999999999        1.0768531289388769E-003   1.0768531289388769E-003
   17.500000000000000        1.0810096862036384E-003   1.0810096862036384E-003
   17.550000000000001        1.0851904804979340E-003   1.0851904804979340E-003
   17.600000000000001        1.0893957013280919E-003   1.0893957013280919E-003
   17.650000000000002        1.0936255400681057E-003   1.0936255400681057E-003
   17.699999999999999        1.0978801900241196E-003   1.0978801900241196E-003
   17.750000000000000        1.1021598463669521E-003   1.1021598463669521E-003
   17.800000000000001        1.1064647061747109E-003   1.1064647061747109E-003
   17.850000000000001        1.1107949685211498E-003   1.1107949685211498E-003
   17.900000000000002        1.1151508344453523E-003   1.1151508344453523E-003
   17.949999999999999        1.1195325069910038E-003   1.1195325069910038E-003
   18.000000000000000        1.1239401911747754E-003   1.1239401911747754E-003
   18.050000000000001        1.1283740941492330E-003   1.1283740941492330E-003
   18.100000000000001        1.1328344250551019E-003   1.1328344250551019E-003
   18.150000000000002        1.1373213951279952E-003   1.1373213951279952E-003
   18.199999999999999        1.1418352177998410E-003   1.1418352177998410E-003
   18.250000000000000        1.1463761086070627E-003   1.1463761086070627E-003
   18.300000000000001        1.1509442852435153E-003   1.1509442852435153E-003
   18.350000000000001        1.1555399676554381E-003   1.1555399676554381E-003
   18.400000000000002        1.1601633779446787E-003   1.1601633779446787E-003
   18.449999999999999        1.1648147405130078E-003   1.1648147405130078E-003
   18.500000000000000        1.1694942820561262E-003   1.1694942820561262E-003
   18.550000000000001        1.1742022315259118E-003   1.1742022315259118E-003
   18.600000000000001        1.1789388202585239E-003   1.1789388202585239E-003
   18.650000000000002        1.1837042819384306E-003   1.1837042819384306E-003
   18.699999999999999        1.1884988526758870E-003   1.1884988526758870E-003
   18.750000000000000        1.1933227709466365E-003   1.1933227709466365E-003
   18.800000000000001        1.1981762777603063E-003   1.1981762777603063E-003
   18.850000000000001        1.2030596165155999E-003   1.2030596165155999E-003
   18.900000000000002        1.2079730332331250E-003   1.2079730332331250E-003
   18.949999999999999        1.2129167763851644E-003   1.2129167763851644E-003
   19.000000000000000        1.2178910971018221E-003   1.2178910971018221E-003
   19.050000000000001        1.2228962490611920E-003   1.2228962490611920E-003
   19.100000000000001        1.2279324886406721E-003   1.2279324886406721E-003
   19.150000000000002        1.2330000748754662E-003   1.2330000748754662E-003
   19.200000000000003        1.2380992695130788E-003   1.2380992695130788E-003
   19.250000000000000        1.2432303370299447E-003   1.2432303370299447E-003
   19.300000000000001        1.2483935446980950E-003   1.2483935446980950E-003
   19.350000000000001        1.2535891626344342E-003   1.2535891626344342E-003
   19.400000000000002        1.2588174637386976E-003   1.2588174637386976E-003
   19.450000000000003        1.2640787238942541E-003   1.2640787238942541E-003
   19.500000000000000        1.2693732218159474E-003   1.2693732218159474E-003
   19.550000000000001        1.2747012392495879E-003   1.2747012392495879E-003
   19.600000000000001        1.2800630608823303E-003   1.2800630608823303E-003
   19.650000000000002        1.2854589745248536E-003   1.2854589745248536E-003
   19.700000000000003        1.2908892709604671E-003   1.2908892709604671E-003
   19.750000000000000        1.2963542441663605E-003   1.2963542441663605E-003
   19.800000000000001        1.3018541912619842E-003   1.3018541912619842E-003
   19.850000000000001        1.3073894125624601E-003   1.3073894125624601E-003
   19.900000000000002        1.3129602116192635E-003   1.3129602116192635E-003
   19.950000000000003        1.3185668952743340E-003   1.3185668952743340E-003
   20.000000000000000        1.3242097736917361E-003   1.3242097736917361E-003
   20.050000000000001        1.3298891604112740E-003   1.3298891604112740E-003
   20.100000000000001        1.3356053723759683E-003   1.3356053723759683E-003
   20.150000000000002        1.3413587299757528E-003   1.3413587299757528E-003
   20.200000000000003        1.3471495571421035E-003   1.3471495571421035E-003
   20.250000000000000        1.3529781813304393E-003   1.3529781813304393E-003
   20.300000000000001        1.3588449336038263E-003   1.3588449336038263E-003
   20.350000000000001        1.3647501486240457E-003   1.3647501486240457E-003
   20.400000000000002        1.3706941648207801E-003   1.3706941648207801E-003
   20.450000000000003        1.3766773242956003E-003   1.3766773242956003E-003
   20.500000000000000        1.3826999730241218E-003   1.3826999730241218E-003
   20.550000000000001        1.3887624607879726E-003   1.3887624607879726E-003
   20.600000000000001        1.3948651412178821E-003   1.3948651412178821E-003
   20.650000000000002        1.4010083719314494E-003   1.4010083719314494E-003
   20.700000000000003        1.4071925145550607E-003   1.4071925145550607E-003
   20.750000000000000        1.4134179347184783E-003   1.4134179347184783E-003
   20.800000000000001        1.4196850022470955E-003   1.4196850022470955E-003
   20.850000000000001        1.4259940910389493E-003   1.4259940910389493E-003
   20.900000000000002        1.4323455792781851E-003   1.4323455792781851E-003
   20.950000000000003        1.4387398493931254E-003   1.4387398493931254E-003
   21.000000000000000        1.4451772881579944E-003   1.4451772881579944E-003
   21.050000000000001        1.4516582867505877E-003   1.4516582867505877E-003
   21.100000000000001        1.4581832407803013E-003   1.4581832407803013E-003
   21.150000000000002        1.4647525504197546E-003   1.4647525504197546E-003
   21.200000000000003        1.4713666203725049E-003   1.4713666203725049E-003
   21.250000000000000        1.4780258600276253E-003   1.4780258600276253E-003
   21.300000000000001        1.4847306834272294E-003   1.4847306834272294E-003
   21.350000000000001        1.4914815094094810E-003   1.4914815094094810E-003
   21.400000000000002        1.4982787616703750E-003   1.4982787616703750E-003
   21.450000000000003        1.5051228688456990E-003   1.5051228688456990E-003
   21.500000000000000        1.5120142644398315E-003   1.5120142644398315E-003
   21.550000000000001        1.5189533870941603E-003   1.5189533870941603E-003
   21.600000000000001        1.5259406805263446E-003   1.5259406805263446E-003
   21.650000000000002        1.5329765936508625E-003   1.5329765936508625E-003
   21.700000000000003        1.5400615806042742E-003   1.5400615806042742E-003
   21.750000000000000        1.5471961009181933E-003   1.5471961009181933E-003
   21.800000000000001        1.5543806195234655E-003   1.5543806195234655E-003
   21.850000000000001        1.5616156068037784E-003   1.5616156068037784E-003
   21.900000000000002        1.5689015387325279E-003   1.5689015387325279E-003
   21.950000000000003        1.5762388969286002E-003   1.5762388969286002E-003
   22.000000000000000        1.5836281687065920E-003   1.5836281687065920E-003
   22.050000000000001        1.5910698472448620E-003   1.5910698472448620E-003
   22.100000000000001        1.5985644315856119E-003   1.5985644315856119E-003
   22.150000000000002        1.6061124266952579E-003   1.6061124266952579E-003
   22.200000000000003        1.6137143436557120E-003   1.6137143436557120E-003
   22.250000000000000        1.6213706997321149E-003   1.6213706997321149E-003
   22.300000000000001        1.6290820183673521E-003   1.6290820183673521E-003
   22.350000000000001        1.6368488293354660E-003   1.6368488293354660E-003
   22.400000000000002        1.6446716688718651E-003   1.6446716688718651E-003
   22.450000000000003        1.6525510796796387E-003   1.6525510796796387E-003
   22.500000000000000        1.6604876111218009E-003   1.6604876111218009E-003
   22.550000000000001        1.6684818192200343E-003   1.6684818192200343E-003
   22.600000000000001        1.6765342668955152E-003   1.6765342668955152E-003
   22.650000000000002        1.6846455238614510E-003   1.6846455238614510E-003
   22.700000000000003        1.6928161669359000E-003   1.6928161669359000E-003
   22.750000000000000        1.7010467799555389E-003   1.7010467799555389E-003
   22.800000000000001        1.7093379540960678E-003   1.7093379540960678E-003
   22.850000000000001        1.7176902877800047E-003   1.7176902877800047E-003
   22.900000000000002        1.7261043868335834E-003   1.7261043868335834E-003
   22.950000000000003        1.7345808647648117E-003   1.7345808647648117E-003
   23.000000000000000        1.7431203426469932E-003   1.7431203426469932E-003
   23.050000000000001        1.7517234493521394E-003   1.7517234493521394E-003
   23.100000000000001        1.7603908216051738E-003   1.7603908216051738E-003
   23.150000000000002        1.7691231042213475E-003   1.7691231042213475E-003
   23.200000000000003        1.7779209501146019E-003   1.7779209501146019E-003
   23.250000000000000        1.7867850204908973E-003   1.7867850204908973E-003
   23.300000000000001        1.7957159848886572E-003   1.7957159848886572E-003
   23.350000000000001        1.8047145214504492E-003   1.8047145214504492E-003
   23.400000000000002        1.8137813168298386E-003   1.8137813168298386E-003
   23.450000000000003        1.8229170665802538E-003   1.8229170665802538E-003
   23.500000000000000        1.8321224751138021E-003   1.8321224751138021E-003
   23.550000000000001        1.8413982559354935E-003   1.8413982559354935E-003
   23.600000000000001        1.8507451316920323E-003   1.8507451316920323E-003
   23.650000000000002        1.8601638344035005E-003   1.8601638344035005E-003
   23.700000000000003        1.8696551056127200E-003   1.8696551056127200E-003
   23.750000000000000        1.8792196964039630E-003   1.8792196964039630E-003
   23.800000000000001        1.8888583676495245E-003   1.8888583676495245E-003
   23.850000000000001        1.8985718902285709E-003   1.8985718902285709E-003
   23.900000000000002        1.9083610450592388E-003   1.9083610450592388E-003
   23.950000000000003        1.9182266233444944E-003   1.9182266233444944E-003
   24.000000000000000        1.9281694266548839E-003   1.9281694266548839E-003
   24.050000000000001        1.9381902671733802E-003   1.9381902671733802E-003
   24.100000000000001        1.9482899678692942E-003   1.9482899678692942E-003
   24.150000000000002        1.9584693625211316E-003   1.9584693625211316E-003
   24.200000000000003        1.9687292961073069E-003   1.9687292961073069E-003
   24.250000000000000        1.9790706248063415E-003   1.9790706248063415E-003
   24.300000000000001        1.9894942163364527E-003   1.9894942163364527E-003
   24.350000000000001        2.0000009499360886E-003   2.0000009499360886E-003
   24.400000000000002        2.0105917167762034E-003   2.0105917167762034E-003
   24.450000000000003        2.0212674199859395E-003   2.0212674199859395E-003
   24.500000000000000        2.0320289749299939E-003   2.0320289749299939E-003
   24.550000000000001        2.0428773093971522E-003   2.0428773093971522E-003
   24.600000000000001        2.0538133638155339E-003   2.0538133638155339E-003
   24.650000000000002        2.0648380913538874E-003   2.0648380913538874E-003
   24.700000000000003        2.0759524583108153E-003   2.0759524583108153E-003
   24.750000000000000        2.0871574441598218E-003   2.0871574441598218E-003
   24.800000000000001        2.0984540419218757E-003   2.0984540419218757E-003
   24.850000000000001        2.1098432582174350E-003   2.1098432582174350E-003
   24.900000000000002        2.1213261136961746E-003   2.1213261136961746E-003
   24.950000000000003        2.1329036430777345E-003   2.1329036430777345E-003
   25.000000000000000        2.1445768955045560E-003   2.1445768955045560E-003
   25.050000000000001        2.1563469347814545E-003   2.1563469347814545E-003
   25.100000000000001        2.1682148395677442E-003   2.1682148395677442E-003
   25.150000000000002        2.1801817036211208E-003   2.1801817036211208E-003
   25.200000000000003        2.1922486361815657E-003   2.1922486361815657E-003
   25.250000000000000        2.2044167619673406E-003   2.2044167619673406E-003
   25.300000000000001        2.2166872217695812E-003   2.2166872217695812E-003
   25.350000000000001        2.2290611725494839E-003   2.2290611725494839E-003
   25.400000000000002        2.2415397876723894E-003   2.2415397876723894E-003
   25.450000000000003        2.2541242573258916E-003   2.2541242573258916E-003
   25.500000000000000        2.2668157886498938E-003   2.2668157886498938E-003
   25.550000000000001        2.2796156061690664E-003   2.2796156061690664E-003
   25.600000000000001        2.2925249519985813E-003   2.2925249519985813E-003
   25.650000000000002        2.3055450862269110E-003   2.3055450862269110E-003
   25.700000000000003        2.3186772872154982E-003   2.3186772872154982E-003
   25.750000000000000        2.3319228518456736E-003   2.3319228518456736E-003
   25.800000000000001        2.3452830959503133E-003   2.3452830959503133E-003
   25.850000000000001        2.3587593545118138E-003   2.3587593545118138E-003
   25.900000000000002        2.3723529821285528E-003   2.3723529821285528E-003
   25.950000000000003        2.3860653533588267E-003   2.3860653533588267E-003
   26.000000000000000        2.3998978629159321E-003   2.3998978629159321E-003
   26.050000000000001        2.4138519262448975E-003   2.4138519262448975E-003
   26.100000000000001        2.4279289797584560E-003   2.4279289797584560E-003
   26.150000000000002        2.4421304812040313E-003   2.4421304812040313E-003
   26.200000000000003        2.4564579101478260E-003   2.4564579101478260E-003
   26.250000000000000        2.4709127682828874E-003   2.4709127682828874E-003
   26.300000000000001        2.4854965798492565E-003   2.4854965798492565E-003
   26.350000000000001        2.5002108920540093E-003   2.5002108920540093E-003
   26.400000000000002        2.5150572754513508E-003   2.5150572754513508E-003
   26.450000000000003        2.5300373244276308E-003   2.5300373244276308E-003
   26.500000000000000        2.5451526575895490E-003   2.5451526575895490E-003
   26.550000000000001        2.5604049182860185E-003   2.5604049182860185E-003
   26.600000000000001        2.5757957749576160E-003   2.5757957749576160E-003
   26.650000000000002        2.5913269216576327E-003   2.5913269216576327E-003
   26.700000000000003        2.6070000784756222E-003   2.6070000784756222E-003
   26.750000000000000        2.6228169921145602E-003   2.6228169921145602E-003
   26.800000000000001        2.6387794363609577E-003   2.6387794363609577E-003
   26.850000000000001        2.6548892125749712E-003   2.6548892125749712E-003
   26.900000000000002        2.6711481501353451E-003   2.6711481501353451E-003
   26.950000000000003        2.6875581070710248E-003   2.6875581070710248E-003
   27.000000000000000        2.7041209705553769E-003   2.7041209705553769E-003
   27.050000000000001        2.7208386574829645E-003   2.7208386574829645E-003
   27.100000000000001        2.7377131150194238E-003   2.7377131150194238E-003
   27.150000000000002        2.7547463211715414E-003   2.7547463211715414E-003
   27.200000000000003        2.7719402854406760E-003   2.7719402854406760E-003
   27.250000000000000        2.7892970492063179E-003   2.7892970492063179E-003
   27.300000000000001        2.8068186866630328E-003   2.8068186866630328E-003
   27.350000000000001        2.8245073053344695E-003   2.8245073053344695E-003
   27.400000000000002        2.8423650466303427E-003   2.8423650466303427E-003
   27.450000000000003        2.8603940864113738E-003   2.8603940864113738E-003
   27.500000000000000        2.8785966360433276E-003   2.8785966360433276E-003
   27.550000000000001        2.8969749427020593E-003   2.8969749427020593E-003
   27.600000000000001        2.9155312903409863E-003   2.9155312903409863E-003
   27.650000000000002        2.9342680002516124E-003   2.9342680002516124E-003
   27.700000000000003        2.9531874318914860E-003   2.9531874318914860E-003
   27.750000000000000        2.9722919836092524E-003   2.9722919836092524E-003
   27.800000000000001        2.9915840933879370E-003   2.9915840933879370E-003
   27.850000000000001        3.0110662397047562E-003   3.0110662397047562E-003
   27.900000000000002        3.0307409422779107E-003   3.0307409422779107E-003
   27.950000000000003        3.0506107630144841E-003   3.0506107630144841E-003
   28.000000000000000        3.0706783066442437E-003   3.0706783066442437E-003
   28.050000000000001        3.0909462218482175E-003   3.0909462218482175E-003
   28.100000000000001        3.1114172019994640E-003   3.1114172019994640E-003
   28.150000000000002        3.1320939860108362E-003   3.1320939860108362E-003
   28.200000000000003        3.1529793594977803E-003   3.1529793594977803E-003
   28.250000000000000        3.1740761554991648E-003   3.1740761554991648E-003
   28.300000000000001        3.1953872555834078E-003   3.1953872555834078E-003
   28.350000000000001        3.2169155908081783E-003   3.2169155908081783E-003
   28.400000000000002        3.2386641428811579E-003   3.2386641428811579E-003
   28.450000000000003        3.2606359449110895E-003   3.2606359449110895E-003
   28.500000000000000        3.2828340827714365E-003   3.2828340827714365E-003
   28.550000000000001        3.3052616960806314E-003   3.3052616960806314E-003
   28.600000000000001        3.3279219794814896E-003   3.3279219794814896E-003
   28.650000000000002        3.3508181834998765E-003   3.3508181834998765E-003
   28.700000000000003        3.3739536160430003E-003   3.3739536160430003E-003
   28.750000000000000        3.3973316434689656E-003   3.3973316434689656E-003
   28.800000000000001        3.4209556917989929E-003   3.4209556917989929E-003
   28.850000000000001        3.4448292481911108E-003   3.4448292481911108E-003
   28.900000000000002        3.4689558619791744E-003   3.4689558619791744E-003
   28.950000000000003        3.4933391462431589E-003   3.4933391462431589E-003
   29.000000000000000        3.5179827791449111E-003   3.5179827791449111E-003
   29.050000000000001        3.5428905053172311E-003   3.5428905053172311E-003
   29.100000000000001        3.5680661371557125E-003   3.5680661371557125E-003
   29.150000000000002        3.5935135566354465E-003   3.5935135566354465E-003
   29.200000000000003        3.6192367166609312E-003   3.6192367166609312E-003
   29.250000000000000        3.6452396425192143E-003   3.6452396425192143E-003
   29.300000000000001        3.6715264336742402E-003   3.6715264336742402E-003
   29.350000000000001        3.6981012653854945E-003   3.6981012653854945E-003
   29.400000000000002        3.7249683903641858E-003   3.7249683903641858E-003
   29.450000000000003        3.7521321405268415E-003   3.7521321405268415E-003
   29.500000000000000        3.7795969287061754E-003   3.7795969287061754E-003
   29.550000000000001        3.8073672506170283E-003   3.8073672506170283E-003
   29.600000000000001        3.8354476866166694E-003   3.8354476866166694E-003
   29.650000000000002        3.8638429037479482E-003   3.8638429037479482E-003
   29.700000000000003        3.8925576575771291E-003   3.8925576575771291E-003
   29.750000000000000        3.9215967944064862E-003   3.9215967944064862E-003
   29.800000000000001        3.9509652531810767E-003   3.9509652531810767E-003
   29.850000000000001        3.9806680677421345E-003   3.9806680677421345E-003
   29.900000000000002        4.0107103690650145E-003   4.0107103690650145E-003
   29.950000000000003        4.0410973874329507E-003   4.0410973874329507E-003
   30.000000000000000        4.0718344548094174E-003   4.0718344548094174E-003
   30.050000000000001        4.1029270071683954E-003   4.1029270071683954E-003
   30.100000000000001        4.1343805871307615E-003   4.1343805871307615E-003
   30.150000000000002        4.1662008463439525E-003   4.1662008463439525E-003
   30.200000000000003        4.1983935479125174E-003   4.1983935479125174E-003
   30.250000000000000        4.2309645695614850E-003   4.2309645695614850E-003
   30.300000000000001        4.2639199058618921E-003   4.2639199058618921E-003
   30.350000000000001        4.2972656713728616E-003   4.2972656713728616E-003
   30.400000000000002        4.3310081034070485E-003   4.3310081034070485E-003
   30.450000000000003        4.3651535650133183E-003   4.3651535650133183E-003
   30.500000000000000        4.3997085481267207E-003   4.3997085481267207E-003
   30.550000000000001        4.4346796765727054E-003   4.4346796765727054E-003
   30.600000000000001        4.4700737096659802E-003   4.4700737096659802E-003
   30.650000000000002        4.5058975450705287E-003   4.5058975450705287E-003
   30.700000000000003        4.5421582226099228E-003   4.5421582226099228E-003
   30.750000000000000        4.5788629276255792E-003   4.5788629276255792E-003
   30.800000000000001        4.6160189947374794E-003   4.6160189947374794E-003
   30.850000000000001        4.6536339114883795E-003   4.6536339114883795E-003
   30.900000000000002        4.6917153222171600E-003   4.6917153222171600E-003
   30.950000000000003        4.7302710321011996E-003   4.7302710321011996E-003
   31.000000000000000        4.7693090111947051E-003   4.7693090111947051E-003
   31.050000000000001        4.8088373987961071E-003   4.8088373987961071E-003
   31.100000000000001        4.8488645075412343E-003   4.8488645075412343E-003
   31.150000000000002        4.8893988280054122E-003   4.8893988280054122E-003
   31.200000000000003        4.9304490334186879E-003   4.9304490334186879E-003
   31.250000000000000        4.9720239842489444E-003   4.9720239842489444E-003
   31.300000000000001        5.0141327331548260E-003   5.0141327331548260E-003
   31.350000000000001        5.0567845302182425E-003   5.0567845302182425E-003
   31.400000000000002        5.0999888277355326E-003   5.0999888277355326E-003
   31.450000000000003        5.1437552859736014E-003   5.1437552859736014E-003
   31.500000000000000        5.1880937786724611E-003   5.1880937786724611E-003
   31.550000000000001        5.2330143984772402E-003   5.2330143984772402E-003
   31.600000000000001        5.2785274630839331E-003   5.2785274630839331E-003
   31.650000000000002        5.3246435212848534E-003   5.3246435212848534E-003
   31.700000000000003        5.3713733590739308E-003   5.3713733590739308E-003
   31.750000000000000        5.4187280062463579E-003   5.4187280062463579E-003
   31.800000000000001        5.4667187431508505E-003   5.4667187431508505E-003
   31.850000000000001        5.5153571073085061E-003   5.5153571073085061E-003
   31.900000000000002        5.5646549009112341E-003   5.5646549009112341E-003
   31.950000000000003        5.6146241977813056E-003   5.6146241977813056E-003
   32.000000000000000        5.6652773511915956E-003   5.6652773511915956E-003
   32.050000000000004        5.7166270016922585E-003   5.7166270016922585E-003
   32.100000000000001        5.7686860850595188E-003   5.7686860850595188E-003
   32.149999999999999        5.8214678408043353E-003   5.8214678408043353E-003
   32.200000000000003        5.8749858207631589E-003   5.8749858207631589E-003
   32.250000000000000        5.9292538980808438E-003   5.9292538980808438E-003
   32.300000000000004        5.9842862762100775E-003   5.9842862762100775E-003
   32.350000000000001        6.0400974988143443E-003   6.0400974988143443E-003
   32.399999999999999        6.0967024593296046E-003   6.0967024593296046E-003
   32.450000000000003        6.1541164113316903E-003   6.1541164113316903E-003
   32.500000000000000        6.2123549790526946E-003   6.2123549790526946E-003
   32.550000000000004        6.2714341682755873E-003   6.2714341682755873E-003
   32.600000000000001        6.3313703777329458E-003   6.3313703777329458E-003
   32.649999999999999        6.3921804105695479E-003   6.3921804105695479E-003
   32.700000000000003        6.4538814866879979E-003   6.4538814866879979E-003
   32.750000000000000        6.5164912552752117E-003   6.5164912552752117E-003
   32.800000000000004        6.5800278074599639E-003   6.5800278074599639E-003
   32.850000000000001        6.6445096900950547E-003   6.6445096900950547E-003
   32.899999999999999        6.7099559195559775E-003   6.7099559195559775E-003
   32.950000000000003        6.7763859962271522E-003   6.7763859962271522E-003
   33.000000000000000        6.8438199191029120E-003   6.8438199191029120E-003
   33.050000000000004        6.9122782017428533E-003   6.9122782017428533E-003
   33.100000000000001        6.9817818880916014E-003   6.9817818880916014E-003
   33.149999999999999        7.0523525690684786E-003   7.0523525690684786E-003
   33.200000000000003        7.1240123998027594E-003   7.1240123998027594E-003
   33.250000000000000        7.1967841176916762E-003   7.1967841176916762E-003
   33.300000000000004        7.2706910608065240E-003   7.2706910608065240E-003
   33.350000000000001        7.3457571872527303E-003   7.3457571872527303E-003
   33.399999999999999        7.4220070951091302E-003   7.4220070951091302E-003
   33.450000000000003        7.4994660430507173E-003   7.4994660430507173E-003
   33.500000000000000        7.5781599721572272E-003   7.5781599721572272E-003
   33.550000000000004        7.6581155280949151E-003   7.6581155280949151E-003
   33.600000000000001        7.7393600843047600E-003   7.7393600843047600E-003
   33.649999999999999        7.8219217662625646E-003   7.8219217662625646E-003
   33.700000000000003        7.9058294764805370E-003   7.9058294764805370E-003
   33.750000000000000        7.9911129205609849E-003   7.9911129205609849E-003
   33.800000000000004        8.0778026343327636E-003   8.0778026343327636E-003
   33.850000000000001        8.1659300120042640E-003   8.1659300120042640E-003
   33.899999999999999        8.2555273354266313E-003   8.2555273354266313E-003
   33.950000000000003        8.3466278046058651E-003   8.3466278046058651E-003
   34.000000000000000        8.4392655693928832E-003   8.4392655693928832E-003
   34.050000000000004        8.5334757624701031E-003   8.5334757624701031E-003
   34.100000000000001        8.6292945336052390E-003   8.6292945336052390E-003
   34.149999999999999        8.7267590856877492E-003   8.7267590856877492E-003
   34.200000000000003        8.8259077118139784E-003   8.8259077118139784E-003
   34.250000000000000        8.9267798340414203E-003   8.9267798340414203E-003
   34.300000000000004        9.0294160438963642E-003   9.0294160438963642E-003
   34.350000000000001        9.1338581445064033E-003   9.1338581445064033E-003
   34.399999999999999        9.2401491944370286E-003   9.2401491944370286E-003
   34.450000000000003        9.3483335537605967E-003   9.3483335537605967E-003
   34.500000000000000        9.4584569315267122E-003   9.4584569315267122E-003
   34.550000000000004        9.5705664360090162E-003   9.5705664360090162E-003
   34.600000000000001        9.6847106261371933E-003   9.6847106261371933E-003
   34.649999999999999        9.8009395664064303E-003   9.8009395664064303E-003
   34.700000000000003        9.9193048833790352E-003   9.9193048833790352E-003
   34.750000000000000        1.0039859824721557E-002   1.0039859824721557E-002
   34.800000000000004        1.0162659321475859E-002   1.0162659321475859E-002
   34.850000000000001        1.0287760052598422E-002   1.0287760052598422E-002
   34.899999999999999        1.0415220512233229E-002   1.0415220512233229E-002
   34.950000000000003        1.0545101080765527E-002   1.0545101080765527E-002
   35.000000000000000        1.0677464098929910E-002   1.0677464098929910E-002
   35.050000000000004        1.0812373944842364E-002   1.0812373944842364E-002
   35.100000000000001        1.0949897114859657E-002   1.0949897114859657E-002
   35.149999999999999        1.1090102308951940E-002   1.1090102308951940E-002
   35.200000000000003        1.1233060518972821E-002   1.1233060518972821E-002
   35.250000000000000        1.1378845121821874E-002   1.1378845121821874E-002
   35.300000000000004        1.1527531976973848E-002   1.1527531976973848E-002
   35.350000000000001        1.1679199528673925E-002   1.1679199528673925E-002
   35.399999999999999        1.1833928912952337E-002   1.1833928912952337E-002
   35.450000000000003        1.1991804070136626E-002   1.1991804070136626E-002
   35.500000000000000        1.2152911862877676E-002   1.2152911862877676E-002
   35.550000000000004        1.2317342199849273E-002   1.2317342199849273E-002
   35.600000000000001        1.2485188165698753E-002   1.2485188165698753E-002
   35.649999999999999        1.2656546157713663E-002   1.2656546157713663E-002
   35.700000000000003        1.2831516029246554E-002   1.2831516029246554E-002
   35.750000000000000        1.3010201240529672E-002   1.3010201240529672E-002
   35.800000000000004        1.3192709017587019E-002   1.3192709017587019E-002
   35.850000000000001        1.3379150518884728E-002   1.3379150518884728E-002
   35.899999999999999        1.3569641010982802E-002   1.3569641010982802E-002
   35.950000000000003        1.3764300053432241E-002   1.3764300053432241E-002
   36.000000000000000        1.3963251693818363E-002   1.3963251693818363E-002
   36.050000000000004        1.4166624672334772E-002   1.4166624672334772E-002
   36.100000000000001        1.4374552638634529E-002   1.4374552638634529E-002
   36.149999999999999        1.4587174379952696E-002   1.4587174379952696E-002
   36.200000000000003        1.4804634061225829E-002   1.4804634061225829E-002
   36.250000000000000        1.5027081479445096E-002   1.5027081479445096E-002
   36.300000000000004        1.5254672331802823E-002   1.5254672331802823E-002
   36.350000000000001        1.5487568498848314E-002   1.5487568498848314E-002
   36.399999999999999        1.5725938344075447E-002   1.5725938344075447E-002
   36.450000000000003        1.5969957029905599E-002   1.5969957029905599E-002
   36.500000000000000        1.6219806853131701E-002   1.6219806853131701E-002
   36.550000000000004        1.6475677598876661E-002   1.6475677598876661E-002
   36.600000000000001        1.6737766915769788E-002   1.6737766915769788E-002
   36.649999999999999        1.7006280713615405E-002   1.7006280713615405E-002
   36.700000000000003        1.7281433584118246E-002   1.7281433584118246E-002
   36.750000000000000        1.7563449247963374E-002   1.7563449247963374E-002
   36.800000000000004        1.7852561028778510E-002   1.7852561028778510E-002
   36.850000000000001        1.8149012355684242E-002   1.8149012355684242E-002
   36.899999999999999        1.8453057297715049E-002   1.8453057297715049E-002
   36.950000000000003        1.8764961131567139E-002   1.8764961131567139E-002
   37.000000000000000        1.9085000945065288E-002   1.9085000945065288E-002
   37.050000000000004        1.9413466279472547E-002   1.9413466279472547E-002
   37.100000000000001        1.9750659812689891E-002   1.9750659812689891E-002
   37.149999999999999        2.0096898087269190E-002   2.0096898087269190E-002
   37.200000000000003        2.0452512286396645E-002   2.0452512286396645E-002
   37.250000000000000        2.0817849060802123E-002   2.0817849060802123E-002
   37.300000000000004        2.1193271411936131E-002   2.1193271411936131E-002
   37.350000000000001        2.1579159634019032E-002   2.1579159634019032E-002
   37.399999999999999        2.1975912320978553E-002   2.1975912320978553E-002
   37.450000000000003        2.2383947442922419E-002   2.2383947442922419E-002
   37.500000000000000        2.2803703498000288E-002   2.2803703498000288E-002
   37.550000000000004        2.3235640744660571E-002   2.3235640744660571E-002
   37.600000000000001        2.3680242522796886E-002   2.3680242522796886E-002
   37.649999999999999        2.4138016669503621E-002   2.4138016669503621E-002
   37.700000000000003        2.4609497038050602E-002   2.4609497038050602E-002
   37.750000000000000        2.5095245128742855E-002   2.5095245128742855E-002
   37.800000000000004        2.5595851841181093E-002   2.5595851841181093E-002
   37.850000000000001        2.6111939358368610E-002   2.6111939358368610E-002
   37.899999999999999        2.6644163174156521E-002   2.6644163174156521E-002
   37.950000000000003        2.7193214277724968E-002   2.7193214277724968E-002
   38.000000000000000        2.7759821507394464E-002   2.7759821507394464E-002
   38.050000000000004        2.8344754089804698E-002   2.8344754089804698E-002
   38.100000000000001        2.8948824382449632E-002   2.8948824382449632E-002
   38.149999999999999        2.9572890837488444E-002   2.9572890837488444E-002
   38.200000000000003        3.0217861207189788E-002   3.0217861207189788E-002
   38.250000000000000        3.0884696014933665E-002   3.0884696014933665E-002
   38.300000000000004        3.1574412317459354E-002   3.1574412317459354E-002
   38.350000000000001        3.2288087785830533E-002   3.2288087785830533E-002
   38.400000000000006        3.3026865136822237E-002   3.3026865136822237E-002
   38.450000000000003        3.3791956950414745E-002   3.3791956950414745E-002
   38.500000000000000        3.4584650912566788E-002   3.4584650912566788E-002
   38.550000000000004        3.5406315525088272E-002   3.5406315525088272E-002
   38.600000000000001        3.6258406335096069E-002   3.6258406335096069E-002
   38.650000000000006        3.7142472734191807E-002   3.7142472734191807E-002
   38.700000000000003        3.8060165392029305E-002   3.8060165392029305E-002
   38.750000000000000        3.9013244392522878E-002   3.9013244392522878E-002
   38.800000000000004        4.0003588147196463E-002   4.0003588147196463E-002
   38.850000000000001        4.1033203176611577E-002   4.1033203176611577E-002
   38.900000000000006        4.2104234856396049E-002   4.2104234856396049E-002
   38.950000000000003        4.3218979237622933E-002   4.3218979237622933E-002
   39.000000000000000        4.4379896069540001E-002   4.4379896069540001E-002
   39.050000000000004        4.5589623166729404E-002   4.5589623166729404E-002
   39.100000000000001        4.6850992280478843E-002   4.6850992280478843E-002
   39.150000000000006        4.8167046661643495E-002   4.8167046661643495E-002
   39.200000000000003        4.9541060524422510E-002   4.9541060524422510E-002
   39.250000000000000        5.0976560650369450E-002   5.0976560650369450E-002
   39.300000000000004        5.2477350409922921E-002   5.2477350409922921E-002
   39.350000000000001        5.4047536516072116E-002   5.4047536516072116E-002
   39.400000000000006        5.5691558875740024E-002   5.5691558875740024E-002
   39.450000000000003        5.7414223955675962E-002   5.7414223955675962E-002
   39.500000000000000        5.9220742151923342E-002   5.9220742151923342E-002
   39.550000000000004        6.1116769719367331E-002   6.1116769719367331E-002
   39.600000000000001        6.3108455919748938E-002   6.3108455919748938E-002
   39.650000000000006        6.5202496144972380E-002   6.5202496144972380E-002
   39.700000000000003        6.7406191904714766E-002   6.7406191904714766E-002
   39.750000000000000        6.9727518720460610E-002   6.9727518720460610E-002
   39.800000000000004        7.2175203145778397E-002   7.2175203145778397E-002
   39.850000000000001        7.4758810355836786E-002   7.4758810355836786E-002
   39.900000000000006        7.7488844005247484E-002   7.7488844005247484E-002
   39.950000000000003        8.0376860380307141E-002   8.0376860380307141E-002
   40.000000000000000        8.3435599243409833E-002   8.3435599243409833E-002
   40.050000000000004        8.6679134239967176E-002   8.6679134239967176E-002
   40.100000000000001        9.0123046319485617E-002   9.0123046319485617E-002
   40.150000000000006        9.3784624298066083E-002   9.3784624298066083E-002
   40.200000000000003        9.7683097583299724E-002   9.7683097583299724E-002
   40.250000000000000       0.10183990712261191       0.10183990712261191     
   40.300000000000004       0.10627902198655809       0.10627902198655809     
   40.350000000000001       0.11102731064862588       0.11102731064862588     
   40.400000000000006       0.11611497811516844       0.11611497811516844     
   40.450000000000003       0.12157608269628312       0.12157608269628312     
   40.500000000000000       0.12744914956628511       0.12744914956628511     
   40.550000000000004       0.13377790254298827       0.13377790254298827     
   40.600000000000001       0.14061214103939643       0.14061214103939643     
   40.650000000000006       0.14800879627825270       0.14800879627825270     
   40.700000000000003       0.15603321019172481       0.15603321019172481     
   40.750000000000000       0.16476069265090468       0.16476069265090468     
   40.800000000000004       0.17427842890197723       0.17427842890197723     
   40.850000000000001       0.18468783070028172       0.18468783070028172     
   40.900000000000006       0.19610745376080854       0.19610745376080854     
   40.950000000000003       0.20867664370169339       0.20867664370169339     
   41.000000000000000       0.22256012688198512       0.22256012688198512     
   41.050000000000004       0.23795383764312358       0.23795383764312358     
   41.100000000000001       0.25509237857485867       0.25509237857485867     
   41.150000000000006       0.27425865914652386       0.27425865914652386     
   41.200000000000003       0.29579647088566069       0.29579647088566069     
   41.250000000000000       0.32012706559223730       0.32012706559223730     
   41.300000000000004       0.34777125512372953       0.34777125512372953     
   41.350000000000001       0.37937922243361544       0.37937922243361544     
   41.400000000000006       0.41577124219116973       0.41577124219116973     
   41.450000000000003       0.45799404260034865       0.45799404260034865     
   41.500000000000000       0.50739989297050225       0.50739989297050225     
   41.550000000000004       0.56575913132649380       0.56575913132649380     
   41.600000000000001       0.63542242719592612       0.63542242719592612     
   41.650000000000006       0.71955746823871736       0.71955746823871736     
   41.700000000000003       0.82249654933362859       0.82249654933362859     
   41.750000000000000       0.95024479337028223       0.95024479337028223     
   41.800000000000004        1.1111999113610798        1.1111999113610798     
