  0.10000000000000001        4.9971983194321998     
  0.15000000000000002        4.9957969463197802     
  0.20000000000000001        4.9943949834687782     
  0.25000000000000000        4.9929922849259558     
  0.30000000000000004        4.9915887246755988     
  0.35000000000000003        4.9901841938414018     
  0.40000000000000002        4.9887785982807582     
  0.45000000000000001        4.9873718565164422     
  0.50000000000000000        4.9859638979583032     
  0.55000000000000004        4.9845546613743927     
  0.60000000000000009        4.9831440935764943     
  0.65000000000000002        4.9817321482899981     
  0.70000000000000007        4.9803187851822939     
  0.75000000000000000        4.9789039690273871     
  0.80000000000000004        4.9774876689876670     
  0.85000000000000009        4.9760698579964178     
  0.90000000000000002        4.9746505122269404     
  0.95000000000000007        4.9732296106361051     
   1.0000000000000000        4.9718071345719004     
   1.0500000000000000        4.9703830674360603     
   1.1000000000000001        4.9689573943939722     
   1.1500000000000001        4.9675301021252540     
   1.2000000000000002        4.9661011786093310     
   1.2500000000000000        4.9646706129410534     
   1.3000000000000000        4.9632383951721835     
   1.3500000000000001        4.9618045161751363     
   1.4000000000000001        4.9603689675257492     
   1.4500000000000002        4.9589317414025373     
   1.5000000000000000        4.9574928305000876     
   1.5500000000000000        4.9560522279545314     
   1.6000000000000001        4.9546099272794883     
   1.6500000000000001        4.9531659223110163     
   1.7000000000000002        4.9517202071602275     
   1.7500000000000000        4.9502727761725707     
   1.8000000000000000        4.9488236238927836     
   1.8500000000000001        4.9473727450348228     
   1.9000000000000001        4.9459201344558874     
   1.9500000000000002        4.9444657871341464     
   2.0000000000000000        4.9430096981496323     
   2.0500000000000003        4.9415518626676596     
   2.1000000000000001        4.9400922759247159     
   2.1499999999999999        4.9386309332161868     
   2.2000000000000002        4.9371678298858797     
   2.2500000000000000        4.9357029613170020     
   2.3000000000000003        4.9342363229243533     
   2.3500000000000001        4.9327679101476116     
   2.4000000000000004        4.9312977184455722     
   2.4500000000000002        4.9298257432911479     
   2.5000000000000000        4.9283519801671005     
   2.5500000000000003        4.9268764245623542     
   2.6000000000000001        4.9253990719687755     
   2.6500000000000004        4.9239199178784112     
   2.7000000000000002        4.9224389577811500     
   2.7500000000000000        4.9209561871626200     
   2.8000000000000003        4.9194716015024413     
   2.8500000000000001        4.9179851962726593     
   2.9000000000000004        4.9164969669364034     
   2.9500000000000002        4.9150069089467596     
   3.0000000000000000        4.9135150177456968     
   3.0500000000000003        4.9120212887632437     
   3.1000000000000001        4.9105257174167045     
   3.1500000000000004        4.9090282991099565     
   3.2000000000000002        4.9075290292328875     
   3.2500000000000000        4.9060279031608545     
   3.3000000000000003        4.9045249162542328     
   3.3500000000000001        4.9030200638579959     
   3.4000000000000004        4.9015133413013690     
   3.4500000000000002        4.9000047438974859     
   3.5000000000000000        4.8984942669431284     
   3.5500000000000003        4.8969819057184116     
   3.6000000000000001        4.8954676554865957     
   3.6500000000000004        4.8939515114937970     
   3.7000000000000002        4.8924334689688624     
   3.7500000000000000        4.8909135231231273     
   3.8000000000000003        4.8893916691502879     
   3.8500000000000001        4.8878679022261702     
   3.9000000000000004        4.8863422175086244     
   3.9500000000000002        4.8848146101373962     
   4.0000000000000000        4.8832850752339390     
   4.0499999999999998        4.8817536079013157     
   4.1000000000000005        4.8802202032240309     
   4.1500000000000004        4.8786848562679532     
   4.2000000000000002        4.8771475620801770     
   4.2500000000000000        4.8756083156889058     
   4.2999999999999998        4.8740671121033001     
   4.3500000000000005        4.8725239463134260     
   4.4000000000000004        4.8709788132901020     
   4.4500000000000002        4.8694317079847851     
   4.5000000000000000        4.8678826253294654     
   4.5499999999999998        4.8663315602365866     
   4.6000000000000005        4.8647785075988832     
   4.6500000000000004        4.8632234622893264     
   4.7000000000000002        4.8616664191609607     
   4.7500000000000000        4.8601073730468638     
   4.8000000000000007        4.8585463187599744     
   4.8500000000000005        4.8569832510930224     
   4.9000000000000004        4.8554181648183921     
   4.9500000000000002        4.8538510546880529     
   5.0000000000000000        4.8522819154334149     
   5.0500000000000007        4.8507107417652060     
   5.1000000000000005        4.8491375283734124     
   5.1500000000000004        4.8475622699271286     
   5.2000000000000002        4.8459849610744694     
   5.2500000000000000        4.8444055964424324     
   5.3000000000000007        4.8428241706368098     
   5.3500000000000005        4.8412406782420598     
   5.4000000000000004        4.8396551138211787     
   5.4500000000000002        4.8380674719156449     
   5.5000000000000000        4.8364777470452784     
   5.5500000000000007        4.8348859337080752     
   5.6000000000000005        4.8332920263801373     
   5.6500000000000004        4.8316960195155421     
   5.7000000000000002        4.8300979075462518     
   5.7500000000000000        4.8284976848819490     
   5.8000000000000007        4.8268953459099420     
   5.8500000000000005        4.8252908849950513     
   5.9000000000000004        4.8236842964794757     
   5.9500000000000002        4.8220755746826907     
   6.0000000000000000        4.8204647139013224     
   6.0500000000000007        4.8188517084089826     
   6.1000000000000005        4.8172365524561869     
   6.1500000000000004        4.8156192402702311     
   6.2000000000000002        4.8139997660550344     
   6.2500000000000000        4.8123781239910342     
   6.3000000000000007        4.8107543082350483     
   6.3500000000000005        4.8091283129201914     
   6.4000000000000004        4.8075001321556758     
   6.4500000000000002        4.8058697600267219     
   6.5000000000000000        4.8042371905943986     
   6.5500000000000007        4.8026024178955442     
   6.6000000000000005        4.8009654359425884     
   6.6500000000000004        4.7993262387234461     
   6.7000000000000002        4.7976848202013578     
   6.7500000000000000        4.7960411743147553     
   6.8000000000000007        4.7943952949771500     
   6.8500000000000005        4.7927471760769764     
   6.9000000000000004        4.7910968114774724     
   6.9500000000000002        4.7894441950165252     
   7.0000000000000000        4.7877893205065023     
   7.0500000000000007        4.7861321817341391     
   7.1000000000000005        4.7844727724604290     
   7.1500000000000004        4.7828110864204332     
   7.2000000000000002        4.7811471173231439     
   7.2500000000000000        4.7794808588513611     
   7.3000000000000007        4.7778123046615386     
   7.3500000000000005        4.7761414483836520     
   7.4000000000000004        4.7744682836209851     
   7.4500000000000002        4.7727928039500291     
   7.5000000000000000        4.7711150029203440     
   7.5500000000000007        4.7694348740543751     
   7.6000000000000005        4.7677524108473657     
   7.6500000000000004        4.7660676067671046     
   7.7000000000000002        4.7643804552538223     
   7.7500000000000000        4.7626909497200876     
   7.8000000000000007        4.7609990835505558     
   7.8500000000000005        4.7593048501018336     
   7.9000000000000004        4.7576082427023794     
   7.9500000000000002        4.7559092546522832     
   8.0000000000000000        4.7542078792231397     
   8.0500000000000007        4.7525041096578722     
   8.0999999999999996        4.7507979391705479     
   8.1500000000000004        4.7490893609462432     
   8.2000000000000011        4.7473783681408799     
   8.2500000000000000        4.7456649538810369     
   8.3000000000000007        4.7439491112638015     
   8.3499999999999996        4.7422308333565697     
   8.4000000000000004        4.7405101131969030     
   8.4500000000000011        4.7387869437923715     
   8.5000000000000000        4.7370613181203458     
   8.5500000000000007        4.7353332291278178     
   8.5999999999999996        4.7336026697312503     
   8.6500000000000004        4.7318696328163936     
   8.7000000000000011        4.7301341112381321     
   8.7500000000000000        4.7283960978202400     
   8.8000000000000007        4.7266555853552417     
   8.8499999999999996        4.7249125666042566     
   8.9000000000000004        4.7231670342967860     
   8.9500000000000011        4.7214189811305065     
   9.0000000000000000        4.7196683997710984     
   9.0500000000000007        4.7179152828520463     
   9.0999999999999996        4.7161596229745033     
   9.1500000000000004        4.7144014127070646     
   9.2000000000000011        4.7126406445855578     
   9.2500000000000000        4.7108773111128848     
   9.3000000000000007        4.7091114047588274     
   9.3499999999999996        4.7073429179598065     
   9.4000000000000004        4.7055718431187028     
   9.4500000000000011        4.7037981726046691     
   9.5000000000000000        4.7020218987529487     
   9.5500000000000007        4.7002430138646307     
   9.6000000000000014        4.6984615102065046     
   9.6500000000000004        4.6966773800107910     
   9.7000000000000011        4.6948906154749697     
   9.7500000000000000        4.6931012087615382     
   9.8000000000000007        4.6913091519978609     
   9.8500000000000014        4.6895144372759239     
   9.9000000000000004        4.6877170566521134     
   9.9500000000000011        4.6859170021470087     
   10.000000000000000        4.6841142657451869     
   10.050000000000001        4.6823088393949872     
   10.100000000000001        4.6805007150082591     
   10.150000000000000        4.6786898844601961     
   10.200000000000001        4.6768763395890858     
   10.250000000000000        4.6750600721960920     
   10.300000000000001        4.6732410740450359     
   10.350000000000001        4.6714193368621402     
   10.400000000000000        4.6695948523358259     
   10.450000000000001        4.6677676121164682     
   10.500000000000000        4.6659376078161658     
   10.550000000000001        4.6641048310085340     
   10.600000000000001        4.6622692732284374     
   10.650000000000000        4.6604309259717374     
   10.700000000000001        4.6585897806950713     
   10.750000000000000        4.6567458288156178     
   10.800000000000001        4.6548990617108430     
   10.850000000000001        4.6530494707182513     
   10.900000000000000        4.6511970471351498     
   10.950000000000001        4.6493417822183796     
   11.000000000000000        4.6474836671840736     
   11.050000000000001        4.6456226932074038     
   11.100000000000001        4.6437588514223460     
   11.150000000000000        4.6418921329213756     
   11.200000000000001        4.6400225287552574     
   11.250000000000000        4.6381500299327465     
   11.300000000000001        4.6362746274203230     
   11.350000000000001        4.6343963121419556     
   11.400000000000000        4.6325150749788024     
   11.450000000000001        4.6306309067689924     
   11.500000000000000        4.6287437983072914     
   11.550000000000001        4.6268537403448615     
   11.600000000000001        4.6249607235889725     
   11.650000000000000        4.6230647387027171     
   11.700000000000001        4.6211657763047365     
   11.750000000000000        4.6192638269689583     
   11.800000000000001        4.6173588812242974     
   11.850000000000001        4.6154509295543473     
   11.900000000000000        4.6135399623970947     
   11.950000000000001        4.6116259701446349     
   12.000000000000000        4.6097089431428966     
   12.050000000000001        4.6077888716913398     
   12.100000000000001        4.6058657460426309     
   12.150000000000000        4.6039395564023717     
   12.200000000000001        4.6020102929287257     
   12.250000000000000        4.6000779457321803     
   12.300000000000001        4.5981425048752165     
   12.350000000000001        4.5962039603719989     
   12.400000000000000        4.5942623021880715     
   12.450000000000001        4.5923175202400319     
   12.500000000000000        4.5903696043952120     
   12.550000000000001        4.5884185444713212     
   12.600000000000001        4.5864643302361774     
   12.650000000000000        4.5845069514073549     
   12.700000000000001        4.5825463976518295     
   12.750000000000000        4.5805826585856959     
   12.800000000000001        4.5786157237737957     
   12.850000000000001        4.5766455827293813     
   12.900000000000000        4.5746722249137894     
   12.950000000000001        4.5726956397361000     
   13.000000000000000        4.5707158165527515     
   13.050000000000001        4.5687327446672334     
   13.100000000000001        4.5667464133296845     
   13.150000000000000        4.5647568117365953     
   13.200000000000001        4.5627639290304076     
   13.250000000000000        4.5607677542991771     
   13.300000000000001        4.5587682765761786     
   13.350000000000001        4.5567654848395689     
   13.400000000000000        4.5547593680119824     
   13.450000000000001        4.5527499149602191     
   13.500000000000000        4.5507371144947903     
   13.550000000000001        4.5487209553695891     
   13.600000000000001        4.5467014262814764     
   13.650000000000000        4.5446785158699354     
   13.700000000000001        4.5426522127166109     
   13.750000000000000        4.5406225053449996     
   13.800000000000001        4.5385893822199908     
   13.850000000000001        4.5365528317474766     
   13.900000000000000        4.5345128422739736     
   13.950000000000001        4.5324694020861624     
   14.000000000000000        4.5304224994105136     
   14.050000000000001        4.5283721224129057     
   14.100000000000001        4.5263182591981526     
   14.150000000000000        4.5242608978095822     
   14.200000000000001        4.5222000262286626     
   14.250000000000000        4.5201356323745250     
   14.300000000000001        4.5180677041035420     
   14.350000000000001        4.5159962292088975     
   14.400000000000000        4.5139211954201537     
   14.450000000000001        4.5118425904027726     
   14.500000000000000        4.5097604017577142     
   14.550000000000001        4.5076746170209461     
   14.600000000000001        4.5055852236629992     
   14.650000000000000        4.5034922090885141     
   14.700000000000001        4.5013955606357889     
   14.750000000000000        4.4992952655762579     
   14.800000000000001        4.4971913111140847     
   14.850000000000001        4.4950836843856479     
   14.900000000000000        4.4929723724590707     
   14.950000000000001        4.4908573623337045     
   15.000000000000000        4.4887386409396761     
   15.050000000000001        4.4866161951373877     
   15.100000000000001        4.4844900117170221     
   15.150000000000000        4.4823600773980168     
   15.200000000000001        4.4802263788286067     
   15.250000000000000        4.4780889025852666     
   15.300000000000001        4.4759476351721927     
   15.350000000000001        4.4738025630207945     
   15.400000000000000        4.4716536724891736     
   15.450000000000001        4.4695009498615876     
   15.500000000000000        4.4673443813479077     
   15.550000000000001        4.4651839530830744     
   15.600000000000001        4.4630196511265723     
   15.650000000000000        4.4608514614618793     
   15.700000000000001        4.4586793699958829     
   15.750000000000000        4.4565033625583368     
   15.800000000000001        4.4543234249013031     
   15.850000000000001        4.4521395426985544     
   15.900000000000000        4.4499517015450643     
   15.950000000000001        4.4477598869563550     
   16.000000000000000        4.4455640843679092     
   16.050000000000001        4.4433642791346148     
   16.100000000000001        4.4411604565301772     
   16.150000000000002        4.4389526017464540     
   16.199999999999999        4.4367406998929031     
   16.250000000000000        4.4345247359959394     
   16.300000000000001        4.4323046949983462     
   16.350000000000001        4.4300805617586061     
   16.400000000000002        4.4278523210502954     
   16.449999999999999        4.4256199575614401     
   16.500000000000000        4.4233834558938590     
   16.550000000000001        4.4211428005625217     
   16.600000000000001        4.4188979759948968     
   16.650000000000002        4.4166489665303112     
   16.699999999999999        4.4143957564192338     
   16.750000000000000        4.4121383298226275     
   16.800000000000001        4.4098766708112596     
   16.850000000000001        4.4076107633650103     
   16.900000000000002        4.4053405913721910     
   16.949999999999999        4.4030661386288426     
   17.000000000000000        4.4007873888380074     
   17.050000000000001        4.3985043256090144     
   17.100000000000001        4.3962169324567855     
   17.150000000000002        4.3939251928010670     
   17.199999999999999        4.3916290899657415     
   17.250000000000000        4.3893286071780455     
   17.300000000000001        4.3870237275678319     
   17.350000000000001        4.3847144341668010     
   17.400000000000002        4.3824007099077509     
   17.449999999999999        4.3800825376237986     
   17.500000000000000        4.3777599000476100     
   17.550000000000001        4.3754327798105734     
   17.600000000000001        4.3731011594420481     
   17.650000000000002        4.3707650213685483     
   17.699999999999999        4.3684243479129288     
   17.750000000000000        4.3660791212935255     
   17.800000000000001        4.3637293236233932     
   17.850000000000001        4.3613749369094625     
   17.900000000000002        4.3590159430516282     
   17.949999999999999        4.3566523238419377     
   18.000000000000000        4.3542840609637672     
   18.050000000000001        4.3519111359908749     
   18.100000000000001        4.3495335303865845     
   18.150000000000002        4.3471512255028886     
   18.199999999999999        4.3447642025795377     
   18.250000000000000        4.3423724427431258     
   18.300000000000001        4.3399759270061766     
   18.350000000000001        4.3375746362662380     
   18.400000000000002        4.3351685513049345     
   18.449999999999999        4.3327576527870244     
   18.500000000000000        4.3303419212594534     
   18.550000000000001        4.3279213371503937     
   18.600000000000001        4.3254958807682593     
   18.650000000000002        4.3230655323007348     
   18.699999999999999        4.3206302718137657     
   18.750000000000000        4.3181900792505683     
   18.800000000000001        4.3157449344306045     
   18.850000000000001        4.3132948170485896     
   18.900000000000002        4.3108397066734145     
   18.949999999999999        4.3083795827471425     
   19.000000000000000        4.3059144245839160     
   19.050000000000001        4.3034442113689115     
   19.100000000000001        4.3009689221572707     
   19.150000000000002        4.2984885358729681     
   19.200000000000003        4.2960030313077455     
   19.250000000000000        4.2935123871199865     
   19.300000000000001        4.2910165818336150     
   19.350000000000001        4.2885155938369142     
   19.400000000000002        4.2860094013814090     
   19.450000000000003        4.2834979825807125     
   19.500000000000000        4.2809813154093126     
   19.550000000000001        4.2784593777014237     
   19.600000000000001        4.2759321471497982     
   19.650000000000002        4.2733996013044475     
   19.700000000000003        4.2708617175714947     
   19.750000000000000        4.2683184732119024     
   19.800000000000001        4.2657698453402233     
   19.850000000000001        4.2632158109233362     
   19.900000000000002        4.2606563467791574     
   19.950000000000003        4.2580914295753676     
   20.000000000000000        4.2555210358280879     
   20.050000000000001        4.2529451419005717     
   20.100000000000001        4.2503637240018577     
   20.150000000000002        4.2477767581854629     
   20.200000000000003        4.2451842203479391     
   20.250000000000000        4.2425860862275604     
   20.300000000000001        4.2399823314028859     
   20.350000000000001        4.2373729312914072     
   20.400000000000002        4.2347578611480658     
   20.450000000000003        4.2321370960638331     
   20.500000000000000        4.2295106109642537     
   20.550000000000001        4.2268783806079320     
   20.600000000000001        4.2242403795850860     
   20.650000000000002        4.2215965823160477     
   20.700000000000003        4.2189469630497118     
   20.750000000000000        4.2162914958620155     
   20.800000000000001        4.2136301546543491     
   20.850000000000001        4.2109629131520130     
   20.900000000000002        4.2082897449026033     
   20.950000000000003        4.2056106232743815     
   21.000000000000000        4.2029255214546897     
   21.050000000000001        4.2002344124482551     
   21.100000000000001        4.1975372690755721     
   21.150000000000002        4.1948340639711512     
   21.200000000000003        4.1921247695818487     
   21.250000000000000        4.1894093581651379     
   21.300000000000001        4.1866878017873654     
   21.350000000000001        4.1839600723219839     
   21.400000000000002        4.1812261414477661     
   21.450000000000003        4.1784859806469639     
   21.500000000000000        4.1757395612035015     
   21.550000000000001        4.1729868542011399     
   21.600000000000001        4.1702278305215916     
   21.650000000000002        4.1674624608426134     
   21.700000000000003        4.1646907156361097     
   21.750000000000000        4.1619125651661824     
   21.800000000000001        4.1591279794871632     
   21.850000000000001        4.1563369284416387     
   21.900000000000002        4.1535393816584287     
   21.950000000000003        4.1507353085505496     
   22.000000000000000        4.1479246783131840     
   22.050000000000001        4.1451074599215589     
   22.100000000000001        4.1422836221288524     
   22.150000000000002        4.1394531334640723     
   22.200000000000003        4.1366159622299064     
   22.250000000000000        4.1337720765005006     
   22.300000000000001        4.1309214441192594     
   22.350000000000001        4.1280640326966189     
   22.400000000000002        4.1251998096078006     
   22.450000000000003        4.1223287419904766     
   22.500000000000000        4.1194507967424761     
   22.550000000000001        4.1165659405194104     
   22.600000000000001        4.1136741397323275     
   22.650000000000002        4.1107753605452544     
   22.700000000000003        4.1078695688727942     
   22.750000000000000        4.1049567303776628     
   22.800000000000001        4.1020368104681850     
   22.850000000000001        4.0991097742957026     
   22.900000000000002        4.0961755867521266     
   22.950000000000003        4.0932342124672703     
   23.000000000000000        4.0902856158062049     
   23.050000000000001        4.0873297608666173     
   23.100000000000001        4.0843666114761659     
   23.150000000000002        4.0813961311897069     
   23.200000000000003        4.0784182832865197     
   23.250000000000000        4.0754330307675239     
   23.300000000000001        4.0724403363524724     
   23.350000000000001        4.0694401624770169     
   23.400000000000002        4.0664324712898710     
   23.450000000000003        4.0634172246498430     
   23.500000000000000        4.0603943841228345     
   23.550000000000001        4.0573639109788422     
   23.600000000000001        4.0543257661888843     
   23.650000000000002        4.0512799104219122     
   23.700000000000003        4.0482263040416404     
   23.750000000000000        4.0451649071033833     
   23.800000000000001        4.0420956793508580     
   23.850000000000001        4.0390185802129155     
   23.900000000000002        4.0359335688001963     
   23.950000000000003        4.0328406039017999     
   24.000000000000000        4.0297396439818813     
   24.050000000000001        4.0266306471762254     
   24.100000000000001        4.0235135712887242     
   24.150000000000002        4.0203883737878829     
   24.200000000000003        4.0172550118032229     
   24.250000000000000        4.0141134421216513     
   24.300000000000001        4.0109636211837891     
   24.350000000000001        4.0078055050802082     
   24.400000000000002        4.0046390495477171     
   24.450000000000003        4.0014642099654845     
   24.500000000000000        3.9982809413511715     
   24.550000000000001        3.9950891983569896     
   24.600000000000001        3.9918889352656999     
   24.650000000000002        3.9886801059865991     
   24.700000000000003        3.9854626640514219     
   24.750000000000000        3.9822365626101286     
   24.800000000000001        3.9790017544267662     
   24.850000000000001        3.9757581918751650     
   24.900000000000002        3.9725058269345959     
   24.950000000000003        3.9692446111853732     
   25.000000000000000        3.9659744958044452     
   25.050000000000001        3.9626954315608218     
   25.100000000000001        3.9594073688110232     
   25.150000000000002        3.9561102574944340     
   25.200000000000003        3.9528040471285926     
   25.250000000000000        3.9494886868044143     
   25.300000000000001        3.9461641251813657     
   25.350000000000001        3.9428303104825222     
   25.400000000000002        3.9394871904895679     
   25.450000000000003        3.9361347125377786     
   25.500000000000000        3.9327728235108363     
   25.550000000000001        3.9294014698357005     
   25.600000000000001        3.9260205974772919     
   25.650000000000002        3.9226301519331428     
   25.700000000000003        3.9192300782279403     
   25.750000000000000        3.9158203209080331     
   25.800000000000001        3.9124008240358119     
   25.850000000000001        3.9089715311840800     
   25.900000000000002        3.9055323854302713     
   25.950000000000003        3.9020833293505888     
   26.000000000000000        3.8986243050140499     
   26.050000000000001        3.8951552539765508     
   26.100000000000001        3.8916761172746646     
   26.150000000000002        3.8881868354194835     
   26.200000000000003        3.8846873483903237     
   26.250000000000000        3.8811775956283099     
   26.300000000000001        3.8776575160298865     
   26.350000000000001        3.8741270479402554     
   26.400000000000002        3.8705861291466719     
   26.450000000000003        3.8670346968716829     
   26.500000000000000        3.8634726877662131     
   26.550000000000001        3.8599000379025528     
   26.600000000000001        3.8563166827672704     
   26.650000000000002        3.8527225572539616     
   26.700000000000003        3.8491175956560064     
   26.750000000000000        3.8455017316590578     
   26.800000000000001        3.8418748983334874     
   26.850000000000001        3.8382370281267040     
   26.900000000000002        3.8345880528553606     
   26.950000000000003        3.8309279036974488     
   27.000000000000000        3.8272565111842538     
   27.050000000000001        3.8235738051921713     
   27.100000000000001        3.8198797149343822     
   27.150000000000002        3.8161741689524615     
   27.200000000000003        3.8124570951077663     
   27.250000000000000        3.8087284205727321     
   27.300000000000001        3.8049880718220908     
   27.350000000000001        3.8012359746237747     
   27.400000000000002        3.7974720540298059     
   27.450000000000003        3.7936962343670584     
   27.500000000000000        3.7899084392277849     
   27.550000000000001        3.7861085914600197     
   27.600000000000001        3.7822966131578442     
   27.650000000000002        3.7784724256514362     
   27.700000000000003        3.7746359494970174     
   27.750000000000000        3.7707871044666090     
   27.800000000000001        3.7669258095376112     
   27.850000000000001        3.7630519828822355     
   27.900000000000002        3.7591655418567016     
   27.950000000000003        3.7552664029903164     
   28.000000000000000        3.7513544819743259     
   28.050000000000001        3.7474296936506062     
   28.100000000000001        3.7434919520000984     
   28.150000000000002        3.7395411701311732     
   28.200000000000003        3.7355772602676534     
   28.250000000000000        3.7316001337367277     
   28.300000000000001        3.7276097009566094     
   28.350000000000001        3.7236058714240152     
   28.400000000000002        3.7195885537013793     
   28.450000000000003        3.7155576554038481     
   28.500000000000000        3.7115130831861634     
   28.550000000000001        3.7074547427291731     
   28.600000000000001        3.7033825387260961     
   28.650000000000002        3.6992963748686831     
   28.700000000000003        3.6951961538330016     
   28.750000000000000        3.6910817772650204     
   28.800000000000001        3.6869531457659699     
   28.850000000000001        3.6828101588773468     
   28.900000000000002        3.6786527150657338     
   28.950000000000003        3.6744807117073135     
   29.000000000000000        3.6702940450720996     
   29.050000000000001        3.6660926103078482     
   29.100000000000001        3.6618763014237290     
   29.150000000000002        3.6576450112737402     
   29.200000000000003        3.6533986315396323     
   29.250000000000000        3.6491370527137104     
   29.300000000000001        3.6448601640812868     
   29.350000000000001        3.6405678537026684     
   29.400000000000002        3.6362600083949634     
   29.450000000000003        3.6319365137134438     
   29.500000000000000        3.6275972539326302     
   29.550000000000001        3.6232421120269778     
   29.600000000000001        3.6188709696511885     
   29.650000000000002        3.6144837071201836     
   29.700000000000003        3.6100802033886468     
   29.750000000000000        3.6056603360302257     
   29.800000000000001        3.6012239812162630     
   29.850000000000001        3.5967710136942119     
   29.900000000000002        3.5923013067655454     
   29.950000000000003        3.5878147322632445     
   30.000000000000000        3.5833111605288859     
   30.050000000000001        3.5787904603892899     
   30.100000000000001        3.5742524991326241     
   30.150000000000002        3.5696971424840815     
   30.200000000000003        3.5651242545811130     
   30.250000000000000        3.5605336979481161     
   30.300000000000001        3.5559253334705954     
   30.350000000000001        3.5512990203688264     
   30.400000000000002        3.5466546161710366     
   30.450000000000003        3.5419919766859591     
   30.500000000000000        3.5373109559748803     
   30.550000000000001        3.5326114063230976     
   30.600000000000001        3.5278931782107392     
   30.650000000000002        3.5231561202830619     
   30.700000000000003        3.5184000793200920     
   30.750000000000000        3.5136249002056181     
   30.800000000000001        3.5088304258955656     
   30.850000000000001        3.5040164973856558     
   30.900000000000002        3.4991829536784733     
   30.950000000000003        3.4943296317497499     
   31.000000000000000        3.4894563665139620     
   31.050000000000001        3.4845629907891764     
   31.100000000000001        3.4796493352611044     
   31.150000000000002        3.4747152284464993     
   31.200000000000003        3.4697604966556526     
   31.250000000000000        3.4647849639540782     
   31.300000000000001        3.4597884521234188     
   31.350000000000001        3.4547707806214083     
   31.400000000000002        3.4497317665410341     
   31.450000000000003        3.4446712245687490     
   31.500000000000000        3.4395889669417459     
   31.550000000000001        3.4344848034042430     
   31.600000000000001        3.4293585411628835     
   31.650000000000002        3.4242099848410521     
   31.700000000000003        3.4190389364321430     
   31.750000000000000        3.4138451952518256     
   31.800000000000001        3.4086285578891520     
   31.850000000000001        3.4033888181565799     
   31.900000000000002        3.3981257670388181     
   31.950000000000003        3.3928391926404378     
   32.000000000000000        3.3875288801324017     
   32.050000000000004        3.3821946116971535     
   32.100000000000001        3.3768361664725268     
   32.149999999999999        3.3714533204943384     
   32.200000000000003        3.3660458466374799     
   32.250000000000000        3.3606135145557570     
   32.300000000000004        3.3551560906201932     
   32.350000000000001        3.3496733378558656     
   32.399999999999999        3.3441650158771727     
   32.450000000000003        3.3386308808215888     
   32.500000000000000        3.3330706852817129     
   32.550000000000004        3.3274841782356961     
   32.600000000000001        3.3218711049759193     
   32.649999999999999        3.3162312070358722     
   32.700000000000003        3.3105642221152838     
   32.750000000000000        3.3048698840032338     
   32.800000000000004        3.2991479224994116     
   32.850000000000001        3.2933980633334250     
   32.899999999999999        3.2876200280818497     
   32.950000000000003        3.2818135340833137     
   33.000000000000000        3.2759782943513573     
   33.050000000000004        3.2701140174849685     
   33.100000000000001        3.2642204075768313     
   33.149999999999999        3.2582971641191123     
   33.200000000000003        3.2523439819068236     
   33.250000000000000        3.2463605509385922     
   33.300000000000004        3.2403465563147624     
   33.350000000000001        3.2343016781327583     
   33.399999999999999        3.2282255913796072     
   33.450000000000003        3.2221179658216190     
   33.500000000000000        3.2159784658909820     
   33.550000000000004        3.2098067505692209     
   33.600000000000001        3.2036024732675075     
   33.649999999999999        3.1973652817036182     
   33.700000000000003        3.1910948177754102     
   33.750000000000000        3.1847907174308290     
   33.800000000000004        3.1784526105341269     
   33.850000000000001        3.1720801207283822     
   33.899999999999999        3.1656728652940327     
   33.950000000000003        3.1592304550033221     
   34.000000000000000        3.1527524939705818     
   34.050000000000004        3.1462385794981040     
   34.100000000000001        3.1396883019175803     
   34.149999999999999        3.1331012444267619     
   34.200000000000003        3.1264769829213179     
   34.250000000000000        3.1198150858216791     
   34.300000000000004        3.1131151138947213     
   34.350000000000001        3.1063766200699727     
   34.399999999999999        3.0995991492503383     
   34.450000000000003        3.0927822381169605     
   34.500000000000000        3.0859254149280844     
   34.550000000000004        3.0790281993116926     
   34.600000000000001        3.0720901020516833     
   34.649999999999999        3.0651106248674180     
   34.700000000000003        3.0580892601860903     
   34.750000000000000        3.0510254909080983     
   34.800000000000004        3.0439187901647555     
   34.850000000000001        3.0367686210681981     
   34.899999999999999        3.0295744364532378     
   34.950000000000003        3.0223356786108866     
   35.000000000000000        3.0150517790128419     
   35.050000000000004        3.0077221580270450     
   35.100000000000001        3.0003462246237995     
   35.149999999999999        2.9929233760718965     
   35.200000000000003        2.9854529976245407     
   35.250000000000000        2.9779344621945483     
   35.300000000000004        2.9703671300184844     
   35.350000000000001        2.9627503483091346     
   35.399999999999999        2.9550834508959447     
   35.450000000000003        2.9473657578528423     
   35.500000000000000        2.9395965751128874     
   35.550000000000004        2.9317751940693415     
   35.600000000000001        2.9239008911623312     
   35.649999999999999        2.9159729274507047     
   35.700000000000003        2.9079905481683137     
   35.750000000000000        2.8999529822639998     
   35.800000000000004        2.8918594419246948     
   35.850000000000001        2.8837091220806834     
   35.899999999999999        2.8755011998924012     
   35.950000000000003        2.8672348342178768     
   36.000000000000000        2.8589091650598699     
   36.050000000000004        2.8505233129918004     
   36.100000000000001        2.8420763785615555     
   36.149999999999999        2.8335674416719483     
   36.200000000000003        2.8249955609369213     
   36.250000000000000        2.8163597730122163     
   36.300000000000004        2.8076590918993438     
   36.350000000000001        2.7988925082214893     
   36.399999999999999        2.7900589884699381     
   36.450000000000003        2.7811574742198011     
   36.500000000000000        2.7721868813132486     
   36.550000000000004        2.7631460990086727     
   36.600000000000001        2.7540339890941881     
   36.649999999999999        2.7448493849634668     
   36.700000000000003        2.7355910906520995     
   36.750000000000000        2.7262578798323802     
   36.800000000000004        2.7168484947642151     
   36.850000000000001        2.7073616452000255     
   36.899999999999999        2.6977960072410361     
   36.950000000000003        2.6881502221424256     
   37.000000000000000        2.6784228950644478     
   37.050000000000004        2.6686125937665799     
   37.100000000000001        2.6587178472415842     
   37.149999999999999        2.6487371442860539     
   37.200000000000003        2.6386689320038550     
   37.250000000000000        2.6285116142385916     
   37.300000000000004        2.6182635499310840     
   37.350000000000001        2.6079230513973553     
   37.399999999999999        2.5974883825225374     
   37.450000000000003        2.5869577568656421     
   37.500000000000000        2.5763293356698109     
   37.550000000000004        2.5656012257723293     
   37.600000000000001        2.5547714774082548     
   37.649999999999999        2.5438380819009105     
   37.700000000000003        2.5327989692323243     
   37.750000000000000        2.5216520054858931     
   37.800000000000004        2.5103949901529998     
   37.850000000000001        2.4990256532948685     
   37.899999999999999        2.4875416525501630     
   37.950000000000003        2.4759405699778783     
   38.000000000000000        2.4642199087246026     
   38.050000000000004        2.4523770895042496     
   38.100000000000001        2.4404094468772750     
   38.149999999999999        2.4283142253153756     
   38.200000000000003        2.4160885750366425     
   38.250000000000000        2.4037295475947760     
   38.300000000000004        2.3912340912045020     
   38.350000000000001        2.3785990457839814     
   38.400000000000006        2.3658211376931333     
   38.450000000000003        2.3528969741452266     
   38.500000000000000        2.3398230372666613     
   38.550000000000004        2.3265956777780570     
   38.600000000000001        2.3132111082669256     
   38.650000000000006        2.2996653960194831     
   38.700000000000003        2.2859544553765772     
   38.750000000000000        2.2720740395745689     
   38.800000000000004        2.2580197320288624     
   38.850000000000001        2.2437869370134975     
   38.900000000000006        2.2293708696851833     
   38.950000000000003        2.2147665453954719     
   39.000000000000000        2.1999687682286195     
   39.050000000000004        2.1849721186963427     
   39.100000000000001        2.1697709405132155     
   39.150000000000006        2.1543593263685703     
   39.200000000000003        2.1387311026012408     
   39.250000000000000        2.1228798126731965     
   39.300000000000004        2.1067986993264256     
   39.350000000000001        2.0904806852941635     
   39.400000000000006        2.0739183524222731     
   39.450000000000003        2.0571039190397982     
   39.500000000000000        2.0400292153979147     
   39.550000000000004        2.0226856569743994     
   39.600000000000001        2.0050642154153673     
   39.650000000000006        1.9871553868565857     
   39.700000000000003        1.9689491573333051     
   39.750000000000000        1.9504349649490089     
   39.800000000000004        1.9316016584284934     
   39.850000000000001        1.9124374516292260     
   39.900000000000006        1.8929298735248692     
   39.950000000000003        1.8730657131047597     
   40.000000000000000        1.8528309585510223     
   40.050000000000004        1.8322107299597847     
   40.100000000000001        1.8111892047597087     
   40.150000000000006        1.7897495348478087     
   40.200000000000003        1.7678737543053906     
   40.250000000000000        1.7455426763689976     
   40.300000000000004        1.7227357781084027     
   40.350000000000001        1.6994310709948783     
   40.400000000000006        1.6756049552214682     
   40.450000000000003        1.6512320552471189     
   40.500000000000000        1.6262850335638703     
   40.550000000000004        1.6007343791095479     
   40.600000000000001        1.5745481660413174     
   40.650000000000006        1.5476917777142833     
   40.700000000000003        1.5201275896292543     
   40.750000000000000        1.4918146037679856     
   40.800000000000004        1.4627080250466569     
   40.850000000000001        1.4327587684874905     
   40.900000000000006        1.4019128830032299     
   40.950000000000003        1.3701108742263051     
   41.000000000000000        1.3372869043523063     
   41.050000000000004        1.3033678411732426     
   41.100000000000001        1.2682721208900156     
   41.150000000000006        1.2319083792817280     
   41.200000000000003        1.1941737924824416     
   41.250000000000000        1.1549520507240971     
   41.300000000000004        1.1141108641751953     
   41.350000000000001        1.0714988669264176     
   41.400000000000006        1.0269417396756881     
   41.450000000000003       0.98023730872925086     
   41.500000000000000       0.93114929166054294     
   41.550000000000004       0.87939923940354747     
   41.600000000000001       0.82465606067805708     
   41.650000000000006       0.76652230139920297     
   41.700000000000003       0.70451610479826099     
   41.750000000000000       0.63804759200714745     
   41.800000000000004       0.56638863220078561     
