   5.0000000000000003E-002   59.674240344817356     
  0.10000000000000001        62.732572828506250     
  0.15000000000000002        65.947645492587327     
  0.20000000000000001        69.327490935272266     
  0.25000000000000000        72.880553419425681     
  0.30000000000000004        76.615709967592707     
  0.35000000000000003        80.542292538183517     
  0.40000000000000002        84.670111338201494     
  0.45000000000000001        89.009479330741442     
  0.50000000000000000        93.571237998469087     
  0.55000000000000004        98.366784427433217     
  0.60000000000000009        103.40809977885873     
  0.65000000000000002        108.70777922003906     
  0.70000000000000007        114.27906338908606     
  0.75000000000000000        120.13587147213683     
  0.80000000000000004        126.29283597563324     
  0.85000000000000009        132.76533928053269     
  0.90000000000000002        139.56955206975840     
  0.95000000000000007        146.72247372487411     
   1.0000000000000000        154.24197479288674     
   1.0500000000000000        162.14684162925701     
   1.1000000000000001        170.45682332862671     
   1.1500000000000001        179.19268106049009     
   1.2000000000000002        188.37623993304197     
   1.2500000000000000        198.03044351475236     
   1.3000000000000000        208.17941114984981     
   1.3500000000000001        218.84849821088403     
   1.4000000000000001        230.06435943886635     
   1.4500000000000002        241.85501552919578     
   1.5000000000000000        254.24992312970122     
   1.5500000000000000        267.28004842563348     
   1.6000000000000001        280.97794449540868     
   1.6500000000000001        295.37783263033168     
   1.7000000000000002        310.51568782140600     
   1.7500000000000000        326.42932862677264     
   1.8000000000000000        343.15851164423339     
   1.8500000000000001        360.74503082484574     
   1.9000000000000001        379.23282187563791     
   1.9500000000000002        398.66807201222065     
   2.0000000000000000        419.09933533544137     
   2.0500000000000003        440.57765412024855     
   2.1000000000000001        463.15668631972318     
   2.1499999999999999        486.89283960274571     
   2.2000000000000002        511.84541226008980     
   2.2500000000000000        538.07674133088153     
   2.3000000000000003        565.65235831941266     
   2.3500000000000001        594.64115289123015     
   2.4000000000000004        625.11554495737153     
   2.4500000000000002        657.15166557655755     
   2.5000000000000000        690.82954712717810     
   2.5500000000000003        726.23332322406384     
   2.6000000000000001        763.45143887936115     
   2.6500000000000004        802.57687143241731     
   2.7000000000000002        843.70736280050357     
   2.7500000000000000        886.94566363042111     
   2.8000000000000003        932.39978996082834     
   2.8500000000000001        980.18329303629957     
   2.9000000000000004        1030.4155429470379     
   2.9500000000000002        1083.2220268026488     
   3.0000000000000000        1138.7346621846866     
   3.0500000000000003        1197.0921266608777     
   3.1000000000000001        1258.4402041839739     
   3.1500000000000004        1322.9321492404315     
   3.2000000000000002        1390.7290696583625     
   3.2500000000000000        1462.0003290308896     
   3.3000000000000003        1536.9239697599317     
   3.3500000000000001        1615.6871577770241     
   3.4000000000000004        1698.4866500518622     
   3.4500000000000002        1785.5292860561967     
   3.5000000000000000        1877.0325044104941     
   3.5500000000000003        1973.2248860037544     
   3.6000000000000001        2074.3467249428049     
   3.6500000000000004        2180.6506287571915     
   3.7000000000000002        2292.4021493584769     
   3.7500000000000000        2409.8804463298984     
   3.8000000000000003        2533.3789842028764     
   3.8500000000000001        2663.2062654617412     
   3.9000000000000004        2799.6866011074112     
   3.9500000000000002        2943.1609207043912     
   4.0000000000000000        3093.9876239341806     
   4.0499999999999998        3252.5434757817025     
   4.1000000000000005        3419.2245475905097     
   4.1500000000000004        3594.4472063368225     
   4.2000000000000002        3778.6491545931672     
   4.2500000000000000        3972.2905237787272     
   4.2999999999999998        4175.8550234265585     
   4.3500000000000005        4389.8511493380338     
   4.4000000000000004        4614.8134536415364     
   4.4500000000000002        4851.3038799272590     
   4.5000000000000000        5099.9131667923366     
   4.5499999999999998        5361.2623233015120     
   4.6000000000000005        5636.0041800479821     
   4.6500000000000004        5924.8250196878080     
   4.7000000000000002        6228.4462910201491     
   4.7500000000000000        6547.6264108933938     
   4.8000000000000007        6883.1626584375499     
   4.8500000000000005        7235.8931663529238     
   4.9000000000000004        7606.6990142280956     
   4.9500000000000002        7996.5064291146546     
   5.0000000000000000        8406.2890988541440     
   5.0500000000000007        8837.0706039338147     
   5.1000000000000005        9289.9269739446445     
   5.1500000000000004        9765.9893750251649     
   5.2000000000000002        10266.446935002410     
   5.2500000000000000        10792.549713284741     
   5.3000000000000007        11345.611822923302     
   5.3500000000000005        11927.014712637900     
   5.4000000000000004        12538.210617003544     
   5.4500000000000002        13180.726183412949     
   5.5000000000000000        13856.166284872512     
   5.5500000000000007        14566.218028152089     
   5.6000000000000005        15312.654967298051     
   5.6500000000000004        16097.341533031233     
   5.7000000000000002        16922.237689089856     
   5.7500000000000000        17789.403827145568     
   5.8000000000000007        18701.005912514684     
   5.8500000000000005        19659.320893514876     
   5.9000000000000004        20666.742387973762     
   5.9500000000000002        21725.786661089805     
   6.0000000000000000        22839.098909571865     
   6.0500000000000007        24009.459867749447     
   6.1000000000000005        25239.792752148631     
   6.1500000000000004        26533.170561875650     
   6.2000000000000002        27892.823753035434     
   6.2500000000000000        29322.148306349463     
   6.3000000000000007        30824.714208116642     
   6.3500000000000005        32404.274365694542     
   6.4000000000000004        34064.773979762213     
   6.4500000000000002        35810.360396766417     
   6.5000000000000000        37645.393466152040     
   6.5500000000000007        39574.456428239137     
   6.6000000000000005        41602.367359930664     
   6.6500000000000004        43734.191206831099     
   6.7000000000000002        45975.252431818364     
   6.7500000000000000        48331.148311650773     
   6.8000000000000007        50807.762914809107     
   6.8500000000000005        53411.281795473937     
   6.9000000000000004        56148.207440327562     
   6.9500000000000002        59025.375506747878     
   7.0000000000000000        62049.971892937749     
   7.0500000000000007        65229.550682611669     
   7.1000000000000005        68572.053009042298     
   7.1500000000000004        72085.826885569229     
   7.2000000000000002        75779.648052077842     
   7.2500000000000000        79662.741889500801     
   7.3000000000000007        83744.806457054990     
   7.3500000000000005        88036.036709732565     
   7.4000000000000004        92547.149956510446     
   7.4500000000000002        97289.412622838296     
   7.5000000000000000        102274.66838422624     
   7.5500000000000007        107515.36774116919     
   7.6000000000000005        113024.59910924987     
   7.6500000000000004        118816.12150204135     
   7.7000000000000002        124904.39888840143     
   7.7500000000000000        131304.63630994753     
   7.8000000000000007        138032.81784887379     
   7.8500000000000005        145105.74654090207     
   7.9000000000000004        152541.08633302263     
   7.9500000000000002        160357.40619076308     
   8.0000000000000000        168574.22646511096     
   8.0500000000000007        177212.06763484530     
   8.0999999999999996        186292.50154596200     
   8.1500000000000004        195838.20527612057     
   8.2000000000000011        205873.01775857486     
   8.2500000000000000        216421.99930696384     
   8.3000000000000007        227511.49418955416     
   8.3499999999999996        239169.19640915180     
   8.4000000000000004        251424.21885290774     
   8.4500000000000011        264307.16598463594     
   8.5000000000000000        277850.21026112390     
   8.5500000000000007        292087.17246320099     
   8.5999999999999996        307053.60614209715     
   8.6500000000000004        322786.88639192021     
   8.7000000000000011        339326.30316984048     
   8.7500000000000000        356713.15939696587     
   8.8000000000000007        374990.87408478471     
   8.8499999999999996        394205.09074461996     
   8.9000000000000004        414403.79135073978     
   8.9500000000000011        435637.41614157060     
   9.0000000000000000        457958.98955811549     
   9.0500000000000007        481424.25263393123     
   9.0999999999999996        506091.80216714856     
   9.1500000000000004        532023.23702195764     
   9.2000000000000011        559283.31192474358     
   9.2500000000000000        587940.09913879214     
   9.3000000000000007        618065.15842115274     
   9.3499999999999996        649733.71568586980     
   9.4000000000000004        683024.85081960505     
   9.4500000000000011        718021.69511841447     
   9.5000000000000000        754811.63883858547     
   9.5500000000000007        793486.54937952815     
   9.6000000000000014        834143.00064339617     
   9.6500000000000004        876882.51414391375     
   9.7000000000000011        921811.81246625062     
   9.7500000000000000        969043.08571056707     
   9.8000000000000007        1018694.2715843655     
   9.8500000000000014        1070889.3498426769     
   9.9000000000000004        1125758.6518110845     
   9.9500000000000011        1183439.1857641407     
   10.000000000000000        1244074.9789712781     
   10.050000000000001        1307817.4372640646     
   10.100000000000001        1374825.7230221094     
   10.150000000000000        1445267.1525212172     
   10.200000000000001        1519317.6136354550     
   10.250000000000000        1597162.0049356762     
   10.300000000000001        1678994.6972805143     
   10.350000000000001        1765020.0190518536     
   10.400000000000000        1855452.7662459149     
   10.450000000000001        1950518.7386930408     
   10.500000000000000        2050455.3037444977     
   10.550000000000001        2155511.9888331997     
   10.600000000000001        2265951.1043871823     
   10.650000000000000        2382048.3986505819     
   10.700000000000001        2504093.7460463434     
   10.750000000000000        2632391.8707986274     
   10.800000000000001        2767263.1076210118     
   10.850000000000001        2909044.2013687124     
   10.900000000000000        3058089.1476507843     
   10.950000000000001        3214770.0765000498     
   11.000000000000000        3379478.1813060571     
   11.050000000000001        3552624.6953295642     
   11.100000000000001        3734641.9182353364     
   11.150000000000000        3925984.2952051996     
   11.200000000000001        4127129.5513244639     
   11.250000000000000        4338579.8840724202     
   11.300000000000001        4560863.2168931533     
   11.350000000000001        4794534.5169746717     
   11.400000000000000        5040177.1805252442     
   11.450000000000001        5298404.4890036834     
   11.500000000000000        5569861.1399375750     
   11.550000000000001        5855224.8561497349     
   11.600000000000001        6155208.0774084302     
   11.650000000000000        6470559.7387228701     
   11.700000000000001        6802067.1397216162     
   11.750000000000000        7150557.9097784655     
   11.800000000000001        7516902.0737900268     
   11.850000000000001        7902014.2237591790     
   11.900000000000000        8306855.8016038332     
   11.950000000000001        8732437.4988869689     
   12.000000000000000        9179821.7794560809     
   12.050000000000001        9650125.5312869214     
   12.100000000000001        10144522.854148047     
   12.150000000000000        10664247.990042698     
   12.200000000000001        11210598.403739559     
   12.250000000000000        11784938.021079157     
   12.300000000000001        12388700.633136241     
   12.350000000000001        13023393.474731533     
   12.400000000000000        13690600.986222249     
   12.450000000000001        14391988.767957343     
   12.500000000000000        15129307.737263795     
   12.550000000000001        15904398.498336744     
   12.600000000000001        16719195.935935387     
   12.650000000000000        17575734.044347737     
   12.700000000000001        18476151.003670752     
   12.750000000000000        19422694.516072080     
   12.800000000000001        20417727.415347621     
   12.850000000000001        21463733.563769028     
   12.900000000000000        22563324.050934754     
   12.950000000000001        23719243.710089624     
   13.000000000000000        24934377.968169812     
   13.050000000000001        26211760.046664491     
   13.100000000000001        27554578.531257231     
   13.150000000000000        28966185.329133779     
   13.200000000000001        30450104.033807311     
   13.250000000000000        32010038.718328867     
   13.300000000000001        33649883.178820923     
   13.350000000000001        35373730.651393212     
   13.400000000000000        37185884.026681773     
   13.450000000000001        39090866.587494552     
   13.500000000000000        41093433.296347201     
   13.550000000000001        43198582.661051050     
   13.600000000000001        45411569.207949780     
   13.650000000000000        47737916.593923122     
   13.700000000000001        50183431.389864303     
   13.750000000000000        52754217.570014991     
   13.800000000000001        55456691.743303619     
   13.850000000000001        58297599.164677031     
   13.900000000000000        61284030.566369452     
   13.950000000000001        64423439.851092808     
   14.000000000000000        67723662.691277087     
   14.050000000000001        71192936.080763906     
   14.100000000000001        74839918.887713939     
   14.150000000000000        78673713.459997222     
   14.200000000000001        82703888.336959392     
   14.250000000000000        86940502.124207705     
   14.300000000000001        91394128.590973347     
   14.350000000000001        96075883.052643582     
   14.400000000000000        100997450.10426930     
   14.450000000000001        106171112.77422278     
   14.500000000000000        111609783.17071289     
   14.550000000000001        117327034.69760330     
   14.600000000000001        123337135.91987412     
   14.650000000000000        129655086.16319603     
   14.700000000000001        136296652.93640429     
   14.750000000000000        143278411.27019829     
   14.800000000000001        150617785.07018650     
   14.850000000000001        158333090.58740345     
   14.900000000000000        166443582.11471397     
   14.950000000000001        174969500.02306846     
   15.000000000000000        183932121.25740203     
   15.050000000000001        193353812.41811258     
   15.100000000000001        203258085.56049138     
   15.150000000000000        213669656.85125557     
   15.200000000000001        224614508.22846654     
   15.250000000000000        236119952.21858829     
   15.300000000000001        248214700.07233059     
   15.350000000000001        260928933.38917568     
   15.400000000000000        274294379.40920693     
   15.450000000000001        288344390.15998030     
   15.500000000000000        303114025.65580165     
   15.550000000000001        318640141.35687584     
   15.600000000000001        334961480.10640037     
   15.650000000000000        352118768.77486420     
   15.700000000000001        370154819.85252047     
   15.750000000000000        389114638.24334502     
   15.800000000000001        409045533.52678013     
   15.850000000000001        429997237.96714836     
   15.900000000000000        452022030.56500268     
   15.950000000000001        475174867.45969707     
   16.000000000000000        499513519.00829828     
   16.050000000000001        525098713.88264006     
   16.100000000000001        551994290.54375863     
   16.150000000000002        580267356.47138178     
   16.199999999999999        609988455.54543781     
   16.250000000000000        641231743.99691439     
   16.300000000000001        674075175.36669827     
   16.350000000000001        708600694.93352020     
   16.400000000000002        744894444.09573555     
   16.449999999999999        783046975.21643245     
   16.500000000000000        823153477.46750581     
   16.550000000000001        865314014.23563850     
   16.600000000000001        909633772.68211222     
   16.650000000000002        956223326.07848465     
   16.699999999999999        1005198909.5721340     
   16.750000000000000        1056682710.0690613     
   16.800000000000001        1110803170.9565766     
   16.850000000000001        1167695312.4254477     
   16.900000000000002        1227501068.1899774     
   16.949999999999999        1290369639.4453208     
   17.000000000000000        1356457866.9443285     
   17.050000000000001        1425930622.1212995     
   17.100000000000001        1498961218.2376218     
   17.150000000000002        1575731842.5739787     
   17.199999999999999        1656434010.7463858     
   17.250000000000000        1741269044.2784514     
   17.300000000000001        1830448572.6200063     
   17.350000000000001        1924195060.8634875     
   17.400000000000002        2022742364.4731553     
   17.449999999999999        2126336312.4097588     
   17.500000000000000        2235235320.1039343     
   17.550000000000001        2349711033.8058476     
   17.600000000000001        2470049007.9170837     
   17.650000000000002        2596549416.9926386     
   17.699999999999999        2729527804.1874199     
   17.750000000000000        2869315868.0123668     
   17.800000000000001        3016262289.3607469     
   17.850000000000001        3170733600.8656917     
   17.900000000000002        3333115100.7551022     
   17.949999999999999        3503811813.4812531     
   18.000000000000000        3683249499.5188203     
   18.050000000000001        3871875716.8474426     
   18.100000000000001        4070160936.7637601     
   18.150000000000002        4278599716.8032746     
   18.199999999999999        4497711933.6944971     
   18.250000000000000        4728044079.4173288     
   18.300000000000001        4970170623.5948887     
   18.350000000000001        5224695445.6134586     
   18.400000000000002        5492253340.0381956     
   18.449999999999999        5773511599.0756826     
   18.500000000000000        6069171676.0255909     
   18.550000000000001        6379970933.8654966     
   18.600000000000001        6706684483.3256168     
   18.650000000000002        7050127115.0319996     
   18.699999999999999        7411155330.5318384     
   18.750000000000000        7790669477.2603741     
   18.800000000000001        8189615992.7678652     
   18.850000000000001        8608989763.7969227     
   18.900000000000002        9049836606.0872383     
   18.949999999999999        9513255871.0838337     
   19.000000000000000        10000403186.043159     
   19.050000000000001        10512493334.360825     
   19.100000000000001        11050803283.296734     
   19.150000000000002        11616675366.637871     
   19.200000000000003        12211520630.226419     
   19.250000000000000        12836822348.685503     
   19.300000000000001        13494139722.101782     
   19.350000000000001        14185111761.870903     
   19.400000000000002        14911461375.384188     
   19.450000000000003        15674999659.729454     
   19.500000000000000        16477630415.097822     
   19.550000000000001        17321354889.138424     
   19.600000000000001        18208276764.073376     
   19.650000000000002        19140607398.994804     
   19.700000000000003        20120671340.395641     
   19.750000000000000        21150912114.658478     
   19.800000000000001        22233898316.924629     
   19.850000000000001        23372330011.504959     
   19.900000000000002        24569045459.770256     
   19.950000000000003        25827028192.272099     
   20.000000000000000        27149414442.702847     
   20.050000000000001        28539500962.204548     
   20.100000000000001        30000753233.480644     
   20.150000000000002        31536814105.163132     
   20.200000000000003        33151512867.930012     
   20.250000000000000        34848874794.968613     
   20.300000000000001        36633131170.537010     
   20.350000000000001        38508729831.586594     
   20.400000000000002        40480346248.691559     
   20.450000000000003        42552895173.865059     
   20.500000000000000        44731542884.260399     
   20.550000000000001        47021720052.231255     
   20.600000000000001        49429135273.786507     
   20.650000000000002        51959789289.116081     
   20.700000000000003        54619989930.578667     
   20.750000000000000        57416367835.357468     
   20.800000000000001        60355892961.893707     
   20.850000000000001        63445891951.196777     
   20.900000000000002        66694066376.248711     
   20.950000000000003        70108511924.911179     
   21.000000000000000        73697738564.079193     
   21.050000000000001        77470691735.259369     
   21.100000000000001        81436774634.314774     
   21.150000000000002        85605871630.823166     
   21.200000000000003        89988372885.317383     
   21.250000000000000        94595200225.667465     
   21.300000000000001        99437834346.987122     
   21.350000000000001        104528343402.74084     
   21.400000000000002        109879413058.19151     
   21.450000000000003        115504378080.95694     
   21.500000000000000        121417255547.26814     
   21.550000000000001        127632779746.55270     
   21.600000000000001        134166438871.15820     
   21.650000000000002        141034513582.50656     
   21.700000000000003        148254117549.60471     
   21.750000000000000        155843240060.76041     
   21.800000000000001        163820790814.49271     
   21.850000000000001        172206647001.04688     
   21.900000000000002        181021702791.62976     
   21.950000000000003        190287921358.44653     
   22.000000000000000        200028389554.92175     
   22.050000000000001        210267375392.10672     
   22.100000000000001        221030388454.19629     
   22.150000000000002        232344243403.42276     
   22.200000000000003        244237126732.24457     
   22.250000000000000        256738666928.81900     
   22.300000000000001        269880008230.24133     
   22.350000000000001        283693888146.93774     
   22.400000000000002        298214718950.98712     
   22.450000000000003        313478673330.96320     
   22.500000000000000        329523774426.28046     
   22.550000000000001        346389990464.87592     
   22.600000000000001        364119334239.51422     
   22.650000000000002        382755967670.00543     
   22.700000000000003        402346311711.30060     
   22.750000000000000        422939161880.63763     
   22.800000000000001        444585809690.96582     
   22.850000000000001        467340170292.41815     
   22.900000000000002        491258916639.16718     
   22.950000000000003        516401620515.10577     
   23.000000000000000        542830900768.81732     
   23.050000000000001        570612579126.31543     
   23.100000000000001        599815843968.70361     
   23.150000000000002        630513422481.82385     
   23.200000000000003        662781761605.62476     
   23.250000000000000        696701218232.92822     
   23.300000000000001        732356259130.18359     
   23.350000000000001        769835671076.95044     
   23.400000000000002        809232781746.20227     
   23.450000000000003        850645691874.28369     
   23.500000000000000        894177519297.22192     
   23.550000000000001        939936655459.74426     
   23.600000000000001        988037035034.10510     
   23.650000000000002        1038598419318.5818     
   23.700000000000003        1091746694119.4990     
   23.750000000000000        1147614182856.6746     
   23.800000000000001        1206339975670.0286     
   23.850000000000001        1268070275344.6345     
   23.900000000000002        1332958760913.3457     
   23.950000000000003        1401166969839.9883     
   24.000000000000000        1472864699732.1145     
   24.050000000000001        1548230430580.9270     
   24.100000000000001        1627451768576.6697     
   24.150000000000002        1710725912601.5190     
   24.200000000000003        1798260144558.2239     
   24.250000000000000        1890272344751.6445     
   24.300000000000001        1986991533602.8647     
   24.350000000000001        2088658441040.3367     
   24.400000000000002        2195526104981.8188     
   24.450000000000003        2307860500392.2700     
   24.500000000000000        2425941200479.2705     
   24.550000000000001        2550062071666.9248     
   24.600000000000001        2680532004072.9077     
   24.650000000000002        2817675679301.5386     
   24.700000000000003        2961834377458.2046     
   24.750000000000000        3113366825387.3730     
   24.800000000000001        3272650088239.2295     
   24.850000000000001        3440080506576.5117     
   24.900000000000002        3616074681347.0093     
   24.950000000000003        3801070509164.6665     
   25.000000000000000        3995528270467.9219     
   25.050000000000001        4199931773254.2734     
   25.100000000000001        4414789555227.7773     
   25.150000000000002        4640636147341.3994     
   25.200000000000003        4878033401867.7432     
   25.250000000000000        5127571888291.3115     
   25.300000000000001        5389872360484.6318     
   25.350000000000001        5665587298805.1367     
   25.400000000000002        5955402530937.1436     
   25.450000000000003        6260038935497.3408     
   25.500000000000000        6580254232626.7871     
   25.550000000000001        6916844866008.9883     
   25.600000000000001        7270647980978.2754     
   25.650000000000002        7642543503622.3887     
   25.700000000000003        8033456326031.5957     
   25.750000000000000        8444358603110.2012     
   25.800000000000001        8876272166642.6348     
   25.850000000000001        9330271062595.1074     
   25.900000000000002        9807484217940.9180     
   25.950000000000003        10309098243615.762     
   26.000000000000000        10836360380547.182     
   26.050000000000001        11390581596057.238     
   26.100000000000001        11973139838306.549     
   26.150000000000002        12585483456842.047     
   26.200000000000003        13229134797719.518     
   26.250000000000000        13905693982103.738     
   26.300000000000001        14616842877703.967     
   26.350000000000001        15364349272877.475     
   26.400000000000002        16150071263736.625     
   26.450000000000003        16975961865120.311     
   26.500000000000000        17844073856843.836     
   26.550000000000001        18756564877224.117     
   26.600000000000001        19715702776485.254     
   26.650000000000002        20723871243295.660     
   26.700000000000003        21783575718358.930     
   26.750000000000000        22897449609692.137     
   26.800000000000001        24068260824969.363     
   26.850000000000001        25298918637090.594     
   26.900000000000002        26592480899961.219     
   26.950000000000003        27952161632330.586     
   27.000000000000000        29381338988445.887     
   27.050000000000001        30883563635235.109     
   27.100000000000001        32462567556732.535     
   27.150000000000002        34122273307519.098     
   27.200000000000003        35866803738054.383     
   27.250000000000000        37700492215941.148     
   27.300000000000001        39627893368393.711     
   27.350000000000001        41653794372453.898     
   27.400000000000002        43783226820862.305     
   27.450000000000003        46021479192904.891     
   27.500000000000000        48374109961052.656     
   27.550000000000001        50846961365767.953     
   27.600000000000001        53446173892513.312     
   27.650000000000002        56178201486717.430     
   27.700000000000003        59049827544278.789     
   27.750000000000000        62068181717093.469     
   27.800000000000001        65240757575105.906     
   27.850000000000001        68575431168487.039     
   27.900000000000002        72080480535765.312     
   27.950000000000003        75764606206064.156     
   28.000000000000000        79636952746041.250     
   28.050000000000001        83707131404714.031     
   28.100000000000001        87985243912031.016     
   28.150000000000002        92481907489915.375     
   28.200000000000003        97208281137477.844     
   28.250000000000000        102176093255221.80     
   28.300000000000001        107397670676381.48     
   28.350000000000001        112885969176966.73     
   28.400000000000002        118654605539751.14     
   28.450000000000003        124717891251229.52     
   28.500000000000000        131090867914625.55     
   28.550000000000001        137789344466206.41     
   28.600000000000001        144829936286618.09     
   28.650000000000002        152230106303598.31     
   28.700000000000003        160008208187335.31     
   28.750000000000000        168183531744845.44     
   28.800000000000001        176776350625175.56     
   28.850000000000001        185807972452891.97     
   28.900000000000002        195300791513271.81     
   28.950000000000003        205278344118902.38     
   29.000000000000000        215765366793934.06     
   29.050000000000001        226787857419174.38     
   29.100000000000001        238373139488442.53     
   29.150000000000002        250549929634290.72     
   29.200000000000003        263348408589118.19     
   29.250000000000000        276800295756204.31     
   29.300000000000001        290938927574017.00     
   29.350000000000001        305799339866393.81     
   29.400000000000002        321418354381022.25     
   29.450000000000003        337834669728853.12     
   29.500000000000000        355088956947869.44     
   29.550000000000001        373223959925972.25     
   29.600000000000001        392284600929562.38     
   29.650000000000002        412318091496989.69     
   29.700000000000003        433374048969049.31     
   29.750000000000000        455504618942584.81     
   29.800000000000001        478764603947644.12     
   29.850000000000001        503211598663909.62     
   29.900000000000002        528906132008067.75     
   29.950000000000003        555911816440536.56     
   30.000000000000000        584295504857646.88     
   30.050000000000001        614127455453842.50     
   30.100000000000001        645481504957925.25     
   30.150000000000002        678435250667775.50     
   30.200000000000003        713070241729439.12     
   30.250000000000000        749472180129100.50     
   30.300000000000001        787731131889856.88     
   30.350000000000001        827941748990414.00     
   30.400000000000002        870203502548666.38     
   30.450000000000003        914620927840658.25     
   30.500000000000000        961303881754210.88     
   30.550000000000001        1010367813306702.2     
   30.600000000000001        1061934047888342.6     
   30.650000000000002        1116130085925434.0     
   30.700000000000003        1173089916693519.8     
   30.750000000000000        1232954348046664.2     
   30.800000000000001        1295871352868138.8     
   30.850000000000001        1361996433088034.8     
   30.900000000000002        1431493002156243.8     
   30.950000000000003        1504532786903771.8     
   31.000000000000000        1581296249772392.8     
   31.050000000000001        1661973032442115.2     
   31.100000000000001        1746762421937409.5     
   31.150000000000002        1835873840348091.8     
   31.200000000000003        1929527359357394.0     
   31.250000000000000        2027954240829864.5     
   31.300000000000001        2131397504774962.5     
   31.350000000000001        2240112526068022.8     
   31.400000000000002        2354367661379719.5     
   31.450000000000003        2474444907838544.0     
   31.500000000000000        2600640595026573.5     
   31.550000000000001        2733266111989618.0     
   31.600000000000001        2872648671027336.0     
   31.650000000000002        3019132110117064.5     
   31.700000000000003        3173077735918184.0     
   31.750000000000000        3334865209401771.5     
   31.800000000000001        3504893476252365.5     
   31.850000000000001        3683581744295987.0     
   31.900000000000002        3871370510322579.5     
   31.950000000000003        4068722638787705.5     
   32.000000000000000        4276124495004664.5     
   32.050000000000004        4494087135567289.5     
   32.100000000000001        4723147558880971.0     
   32.149999999999999        4963870018824384.0     
   32.200000000000003        5216847404713347.0     
   32.250000000000000        5482702690898220.0     
   32.300000000000004        5762090459491908.0     
   32.350000000000001        6055698499899817.0     
   32.399999999999999        6364249489006247.0     
   32.450000000000003        6688502756063855.0     
   32.500000000000000        7029256136533927.0     
   32.550000000000004        7387347919337680.0     
   32.600000000000001        7763658892198838.0     
   32.649999999999999        8159114489992402.0     
   32.700000000000003        8574687051257658.0     
   32.750000000000000        9011398188289220.0     
   32.800000000000004        9470321276489746.0     
   32.850000000000001        9952584068949086.0     
   32.899999999999999        10459371442510526.     
   32.950000000000003        10991928281894324.     
   33.000000000000000        11551562508773792.     
   33.050000000000004        12139648263043820.     
   33.100000000000001        12757629243871918.     
   33.149999999999999        13407022218505244.     
   33.200000000000003        14089420707194402.     
   33.250000000000000        14806498853010444.     
   33.300000000000004        15560015485762694.     
   33.350000000000001        16351818389677276.     
   33.399999999999999        17183848784974496.     
   33.450000000000003        18058146033977052.     
   33.500000000000000        18976852582907640.     
   33.550000000000004        19942219151078440.     
   33.600000000000001        20956610179748220.     
   33.649999999999999        22022509553528952.     
   33.700000000000003        23142526607845272.     
   33.750000000000000        24319402436616484.     
   33.800000000000004        25556016515021332.     
   33.850000000000001        26855393652924376.     
   33.899999999999999        28220711295310152.     
   33.950000000000003        29655307186857252.     
   34.000000000000000        31162687418621232.     
   34.050000000000004        32746534875667720.     
   34.100000000000001        34410718105401416.     
   34.149999999999999        36159300627305896.     
   34.200000000000003        37996550705790496.     
   34.250000000000000        39926951608901304.     
   34.300000000000004        41955212376746712.     
   34.350000000000001        44086279124622312.     
   34.399999999999999        46325346907035512.     
   34.450000000000003        48677872170071664.     
   34.500000000000000        51149585820855056.     
   34.550000000000004        53746506944247720.     
   34.600000000000001        56474957198326688.     
   34.649999999999999        59341575921732248.     
   34.700000000000003        62353335987489848.     
   34.750000000000000        65517560439584592.     
   34.800000000000004        68841939950276920.     
   34.850000000000001        72334551137903504.     
   34.899999999999999        76003875786812608.     
   34.950000000000003        79858821013014768.     
   35.000000000000000        83908740421158064.     
   35.050000000000004        88163456300570832.     
   35.100000000000001        92633282910319600.     
   35.149999999999999        97329050905573408.     
   35.200000000000003        1.0226213295990742E+017
   35.250000000000000        1.0744447064076192E+017
   35.300000000000004        1.1288860259785714E+017
   35.350000000000001        1.1860769412707339E+017
   35.399999999999999        1.2461556817518386E+017
   35.450000000000003        1.3092673785374942E+017
   35.500000000000000        1.3755644053357208E+017
   35.550000000000004        1.4452067359430640E+017
   35.600000000000001        1.5183623190712339E+017
   35.649999999999999        1.5952074713182614E+017
   35.700000000000003        1.6759272891333795E+017
   35.750000000000000        1.7607160806624742E+017
   35.800000000000004        1.8497778183996614E+017
   35.850000000000001        1.9433266136097363E+017
   35.899999999999999        2.0415872135288368E+017
   35.950000000000003        2.1447955223925456E+017
   36.000000000000000        2.2531991473856048E+017
   36.050000000000004        2.3670579706527546E+017
   36.100000000000001        2.4866447485581146E+017
   36.149999999999999        2.6122457394288032E+017
   36.200000000000003        2.7441613610684147E+017
   36.250000000000000        2.8827068793788000E+017
   36.300000000000004        3.0282131294807187E+017
   36.350000000000001        3.1810272707782234E+017
   36.399999999999999        3.3415135774686963E+017
   36.450000000000003        3.5100542660556627E+017
   36.500000000000000        3.6870503614818778E+017
   36.550000000000004        3.8729226035574592E+017
   36.600000000000001        4.0681123954190579E+017
   36.649999999999999        4.2730827958176390E+017
   36.700000000000003        4.4883195570920685E+017
   36.750000000000000        4.7143322107503366E+017
   36.800000000000004        4.9516552026405434E+017
   36.850000000000001        5.2008490797553261E+017
   36.899999999999999        5.4625017307777581E+017
   36.950000000000003        5.7372296825342752E+017
   37.000000000000000        6.0256794545810573E+017
   37.050000000000004        6.3285289742086413E+017
   37.100000000000001        6.6464890542020070E+017
   37.149999999999999        6.9803049357493568E+017
   37.200000000000003        7.3307578989378893E+017
   37.250000000000000        7.6986669433193280E+017
   37.300000000000004        8.0848905410686349E+017
   37.350000000000001        8.4903284652849254E+017
   37.399999999999999        8.9159236960135155E+017
   37.450000000000003        9.3626644065766963E+017
   37.500000000000000        9.8315860328063501E+017
   37.550000000000004        1.0323773427759483E+018
   37.600000000000001        1.0840363104474740E+018
   37.649999999999999        1.1382545569283808E+018
   37.700000000000003        1.1951567748129111E+018
   37.750000000000000        1.2548735508254715E+018
   37.800000000000004        1.3175416277525883E+018
   37.850000000000001        1.3833041763487744E+018
   37.899999999999999        1.4523110774101780E+018
   37.950000000000003        1.5247192141879898E+018
   38.000000000000000        1.6006927752872530E+018
   38.050000000000004        1.6804035681659684E+018
   38.100000000000001        1.7640313433120842E+018
   38.149999999999999        1.8517641291323794E+018
   38.200000000000003        1.9437985775354468E+018
   38.250000000000000        2.0403403201318771E+018
   38.300000000000004        2.1416043349049997E+018
   38.350000000000001        2.2478153231239813E+018
   38.400000000000006        2.3592080961788124E+018
   38.450000000000003        2.4760279719084052E+018
   38.500000000000000        2.5985311798697795E+018
   38.550000000000004        2.7269852748522772E+018
   38.600000000000001        2.8616695577800038E+018
   38.650000000000006        3.0028755029548058E+018
   38.700000000000003        3.1509071903802491E+018
   38.750000000000000        3.3060817416604877E+018
   38.800000000000004        3.4687297576844390E+018
   38.850000000000001        3.6391957559882516E+018
   38.900000000000006        3.8178386053184824E+018
   38.950000000000003        4.0050319544973855E+018
   39.000000000000000        4.2011646522144415E+018
   39.050000000000004        4.4066411538159268E+018
   39.100000000000001        4.6218819105348383E+018
   39.150000000000006        4.8473237358879027E+018
   39.200000000000003        5.0834201431387761E+018
   39.250000000000000        5.3306416467839969E+018
   39.300000000000004        5.5894760199366881E+018
   39.350000000000001        5.8604284982392791E+018
   39.400000000000006        6.1440219195125524E+018
   39.450000000000003        6.4407967867021097E+018
   39.500000000000000        6.7513112398028339E+018
   39.550000000000004        7.0761409202520218E+018
   39.600000000000001        7.4158787087804037E+018
   39.650000000000006        7.7711343147931750E+018
   39.700000000000003        8.1425336919888548E+018
   39.750000000000000        8.5307182510223309E+018
   39.800000000000004        8.9363438354691963E+018
   39.850000000000001        9.3600794220698399E+018
   39.900000000000006        9.8026055000519250E+018
   39.950000000000003        1.0264612077124983E+019
   40.000000000000000        1.0746796251262259E+019
   40.050000000000004        1.1249859277442259E+019
   40.100000000000001        1.1774503046822164E+019
   40.150000000000006        1.2321425881916494E+019
   40.200000000000003        1.2891317534990549E+019
   40.250000000000000        1.3484853257305811E+019
   40.300000000000004        1.4102686783609215E+019
   40.350000000000001        1.4745442048366535E+019
   40.400000000000006        1.5413703416773632E+019
   40.450000000000003        1.6108004173205512E+019
   40.500000000000000        1.6828812960915491E+019
   40.550000000000004        1.7576517807369828E+019
   40.600000000000001        1.8351407297097081E+019
   40.650000000000006        1.9153648364943397E+019
   40.700000000000003        1.9983260073007387E+019
   40.750000000000000        2.0840082598638739E+019
   40.800000000000004        2.1723740491806126E+019
   40.850000000000001        2.2633599048280396E+019
   40.900000000000006        2.3568712378388419E+019
   40.950000000000003        2.4527761413238813E+019
   41.000000000000000        2.5508979659686060E+019
   41.050000000000004        2.6510063963060666E+019
   41.100000000000001        2.7528066824012526E+019
   41.150000000000006        2.8559265890275058E+019
   41.200000000000003        2.9599005034800914E+019
   41.250000000000000        3.0641499842880254E+019
   41.300000000000004        3.1679598233276248E+019
   41.350000000000001        3.2704484160883442E+019
   41.400000000000006        3.3705308668913480E+019
   41.450000000000003        3.4668727706765718E+019
   41.500000000000000        3.5578319819131019E+019
   41.550000000000004        3.6413848860734943E+019
   41.600000000000001        3.7150327582965367E+019
   41.650000000000006        3.7756829012207411E+019
   41.700000000000003        3.8194989873710768E+019
   41.750000000000000        3.8417171238965387E+019
