  0.10000000000000001        1.6357195569686227E-004   5.8698536914003008E-002
  0.15000000000000002        1.6364737977732341E-004   5.8698056739672065E-002
  0.20000000000000001        1.6374604262106180E-004   5.8697576312969270E-002
  0.25000000000000000        1.6386476462048783E-004   5.8697095570482270E-002
  0.30000000000000004        1.6400081373800900E-004   5.8696614457459106E-002
  0.35000000000000003        1.6415184194610105E-004   5.8696132926589463E-002
  0.40000000000000002        1.6431583095120506E-004   5.8695650936959595E-002
  0.45000000000000001        1.6449104558885884E-004   5.8695168453154305E-002
  0.50000000000000000        1.6467599393952688E-004   5.8694685444485813E-002
  0.55000000000000004        1.6486939310059130E-004   5.8694201884331339E-002
  0.60000000000000009        1.6507013981696827E-004   5.8693717749563702E-002
  0.65000000000000002        1.6527728526175437E-004   5.8693233020061811E-002
  0.70000000000000007        1.6549001338556904E-004   5.8692747678289907E-002
  0.75000000000000000        1.6570762233808169E-004   5.8692261708936003E-002
  0.80000000000000004        1.6592950846744915E-004   5.8691775098600477E-002
  0.85000000000000009        1.6615515258385180E-004   5.8691287835528530E-002
  0.90000000000000002        1.6638410818817245E-004   5.8690799909380274E-002
  0.95000000000000007        1.6661599127323684E-004   5.8690311311032320E-002
   1.0000000000000000        1.6685047161399134E-004   5.8689822032407475E-002
   1.0500000000000000        1.6708726524709147E-004   5.8689332066328238E-002
   1.1000000000000001        1.6732612806780691E-004   5.8688841406391065E-002
   1.1500000000000001        1.6756685019641003E-004   5.8688350046857095E-002
   1.2000000000000002        1.6780925127304858E-004   5.8687857982559544E-002
   1.2500000000000000        1.6805317626944634E-004   5.8687365208822555E-002
   1.3000000000000000        1.6829849202815218E-004   5.8686871721392718E-002
   1.3500000000000001        1.6854508419011997E-004   5.8686377516379430E-002
   1.4000000000000001        1.6879285453180796E-004   5.8685882590203096E-002
   1.4500000000000002        1.6904171878391426E-004   5.8685386939551824E-002
   1.5000000000000000        1.6929160463821329E-004   5.8684890561342941E-002
   1.5500000000000000        1.6954245011842066E-004   5.8684393452690754E-002
   1.6000000000000001        1.6979420211087810E-004   5.8683895610878063E-002
   1.6500000000000001        1.7004681513733177E-004   5.8683397033332085E-002
   1.7000000000000002        1.7030025031931692E-004   5.8682897717603898E-002
   1.7500000000000000        1.7055447442829370E-004   5.8682397661350173E-002
   1.8000000000000000        1.7080945908982210E-004   5.8681896862317694E-002
   1.8500000000000001        1.7106518014954066E-004   5.8681395318330463E-002
   1.9000000000000001        1.7132161706454187E-004   5.8680893027278067E-002
   1.9500000000000002        1.7157875239344909E-004   5.8680389987105668E-002
   2.0000000000000000        1.7183657137469815E-004   5.8679886195805761E-002
   2.0500000000000003        1.7209506154763842E-004   5.8679381651410678E-002
   2.1000000000000001        1.7235421244342504E-004   5.8678876351986556E-002
   2.1499999999999999        1.7261401530050495E-004   5.8678370295627655E-002
   2.2000000000000002        1.7287446283235610E-004   5.8677863480451918E-002
   2.2500000000000000        1.7313554903146164E-004   5.8677355904596946E-002
   2.3000000000000003        1.7339726893801549E-004   5.8676847566216002E-002
   2.3500000000000001        1.7365961857892517E-004   5.8676338463475960E-002
   2.4000000000000004        1.7392259479216332E-004   5.8675828594554238E-002
   2.4500000000000002        1.7418619509115761E-004   5.8675317957636405E-002
   2.5000000000000000        1.7445041760608384E-004   5.8674806550914581E-002
   2.5500000000000003        1.7471526097906522E-004   5.8674294372585659E-002
   2.6000000000000001        1.7498072430298416E-004   5.8673781420849939E-002
   2.6500000000000004        1.7524680705658974E-004   5.8673267693909868E-002
   2.7000000000000002        1.7551350905672204E-004   5.8672753189969062E-002
   2.7500000000000000        1.7578083040498918E-004   5.8672237907231299E-002
   2.8000000000000003        1.7604877146520787E-004   5.8671721843899911E-002
   2.8500000000000001        1.7631733279677804E-004   5.8671204998176754E-002
   2.9000000000000004        1.7658651515089119E-004   5.8670687368261865E-002
   2.9500000000000002        1.7685631946051306E-004   5.8670168952353156E-002
   3.0000000000000000        1.7712674676612514E-004   5.8669649748645393E-002
   3.0500000000000003        1.7739779826288888E-004   5.8669129755330479E-002
   3.1000000000000001        1.7766947521719129E-004   5.8668608970596454E-002
   3.1500000000000004        1.7794177902403314E-004   5.8668087392627931E-002
   3.2000000000000002        1.7821471111898574E-004   5.8667565019605052E-002
   3.2500000000000000        1.7848827304177241E-004   5.8667041849704019E-002
   3.3000000000000003        1.7876246638487493E-004   5.8666517881096496E-002
   3.3500000000000001        1.7903729277419223E-004   5.8665993111949283E-002
   3.4000000000000004        1.7931275391152898E-004   5.8665467540424662E-002
   3.4500000000000002        1.7958885152278620E-004   5.8664941164679865E-002
   3.5000000000000000        1.7986558738992590E-004   5.8664413982867245E-002
   3.5500000000000003        1.8014296328968741E-004   5.8663885993133623E-002
   3.6000000000000001        1.8042098106092733E-004   5.8663357193620959E-002
   3.6500000000000004        1.8069964256047506E-004   5.8662827582465840E-002
   3.7000000000000002        1.8097894967729415E-004   5.8662297157799484E-002
   3.7500000000000000        1.8125890431560434E-004   5.8661765917747632E-002
   3.8000000000000003        1.8153950839715585E-004   5.8661233860430470E-002
   3.8500000000000001        1.8182076385384318E-004   5.8660700983962602E-002
   3.9000000000000004        1.8210267265241685E-004   5.8660167286453124E-002
   3.9500000000000002        1.8238523677638571E-004   5.8659632766005540E-002
   4.0000000000000000        1.8266845818953106E-004   5.8659097420717267E-002
   4.0499999999999998        1.8295233889140279E-004   5.8658561248680248E-002
   4.1000000000000005        1.8323688090595141E-004   5.8658024247980736E-002
   4.1500000000000004        1.8352208625654396E-004   5.8657486416699066E-002
   4.2000000000000002        1.8380795698829002E-004   5.8656947752909763E-002
   4.2500000000000000        1.8409449515074966E-004   5.8656408254681457E-002
   4.2999999999999998        1.8438170279034120E-004   5.8655867920076682E-002
   4.3500000000000005        1.8466958198625424E-004   5.8655326747152271E-002
   4.4000000000000004        1.8495813481411331E-004   5.8654784733958951E-002
   4.4500000000000002        1.8524736336341860E-004   5.8654241878541465E-002
   4.5000000000000000        1.8553726972659075E-004   5.8653698178938486E-002
   4.5499999999999998        1.8582785602371581E-004   5.8653153633182777E-002
   4.6000000000000005        1.8611912437595116E-004   5.8652608239300942E-002
   4.6500000000000004        1.8641107689959676E-004   5.8652061995313323E-002
   4.7000000000000002        1.8670371572732892E-004   5.8651514899234231E-002
   4.7500000000000000        1.8699704301608641E-004   5.8650966949071910E-002
   4.8000000000000007        1.8729106092296369E-004   5.8650418142828342E-002
   4.8500000000000005        1.8758577160413412E-004   5.8649868478499206E-002
   4.9000000000000004        1.8788117722957258E-004   5.8649317954073965E-002
   4.9500000000000002        1.8817727998266933E-004   5.8648766567535891E-002
   5.0000000000000000        1.8847408204986373E-004   5.8648214316861867E-002
   5.0500000000000007        1.8877158563814511E-004   5.8647661200022599E-002
   5.1000000000000005        1.8906979295518921E-004   5.8647107214982334E-002
   5.1500000000000004        1.8936870622095268E-004   5.8646552359698990E-002
   5.2000000000000002        1.8966832765707515E-004   5.8645996632124039E-002
   5.2500000000000000        1.8996865949585527E-004   5.8645440030202500E-002
   5.3000000000000007        1.9026970397543368E-004   5.8644882551872994E-002
   5.3500000000000005        1.9057146337051712E-004   5.8644324195067855E-002
   5.4000000000000004        1.9087393992752249E-004   5.8643764957712591E-002
   5.4500000000000002        1.9117713592002001E-004   5.8643204837726351E-002
   5.5000000000000000        1.9148105361322992E-004   5.8642643833021570E-002
   5.5500000000000007        1.9178569531552982E-004   5.8642081941504443E-002
   5.6000000000000005        1.9209106331581025E-004   5.8641519161074310E-002
   5.6500000000000004        1.9239715992370218E-004   5.8640955489623919E-002
   5.7000000000000002        1.9270398746727219E-004   5.8640390925039497E-002
   5.7500000000000000        1.9301154825877509E-004   5.8639825465200336E-002
   5.8000000000000007        1.9331984462636425E-004   5.8639259107979097E-002
   5.8500000000000005        1.9362887892887488E-004   5.8638691851241924E-002
   5.9000000000000004        1.9393865351542296E-004   5.8638123692847967E-002
   5.9500000000000002        1.9424917074488054E-004   5.8637554630649638E-002
   6.0000000000000000        1.9456043298116810E-004   5.8636984662492474E-002
   6.0500000000000007        1.9487244264154697E-004   5.8636413786215584E-002
   6.1000000000000005        1.9518520209038602E-004   5.8635841999650593E-002
   6.1500000000000004        1.9549871372434162E-004   5.8635269300622482E-002
   6.2000000000000002        1.9581297996590830E-004   5.8634695686949442E-002
   6.2500000000000000        1.9612800323276459E-004   5.8634121156442585E-002
   6.3000000000000007        1.9644378595004664E-004   5.8633545706905994E-002
   6.3500000000000005        1.9676033056335643E-004   5.8632969336136875E-002
   6.4000000000000004        1.9707763952149054E-004   5.8632392041925344E-002
   6.4500000000000002        1.9739571529128310E-004   5.8631813822054478E-002
   6.5000000000000000        1.9771456032328165E-004   5.8631234674300058E-002
   6.5500000000000007        1.9803417711843381E-004   5.8630654596431117E-002
   6.6000000000000005        1.9835456816205273E-004   5.8630073586209287E-002
   6.6500000000000004        1.9867573593899292E-004   5.8629491641388927E-002
   6.7000000000000002        1.9899768296553199E-004   5.8628908759717394E-002
   6.7500000000000000        1.9932041176529391E-004   5.8628324938934794E-002
   6.8000000000000007        1.9964392486034543E-004   5.8627740176773850E-002
   6.8500000000000005        1.9996822479228509E-004   5.8627154470960063E-002
   6.9000000000000004        2.0029331411730635E-004   5.8626567819211689E-002
   6.9500000000000002        2.0061919538578147E-004   5.8625980219239447E-002
   7.0000000000000000        2.0094587117494662E-004   5.8625391668746848E-002
   7.0500000000000007        2.0127334407651662E-004   5.8624802165430014E-002
   7.1000000000000005        2.0160161667487136E-004   5.8624211706977444E-002
   7.1500000000000004        2.0193069157106172E-004   5.8623620291070266E-002
   7.2000000000000002        2.0226057137415925E-004   5.8623027915382028E-002
   7.2500000000000000        2.0259125871604431E-004   5.8622434577578909E-002
   7.3000000000000007        2.0292275623077073E-004   5.8621840275319401E-002
   7.3500000000000005        2.0325506655498348E-004   5.8621245006254367E-002
   7.4000000000000004        2.0358819234248351E-004   5.8620648768027084E-002
   7.4500000000000002        2.0392213626748096E-004   5.8620051558273288E-002
   7.5000000000000000        2.0425690101789399E-004   5.8619453374621017E-002
   7.5500000000000007        2.0459248926469473E-004   5.8618854214690340E-002
   7.6000000000000005        2.0492890370652500E-004   5.8618254076093751E-002
   7.6500000000000004        2.0526614707268686E-004   5.8617652956436138E-002
   7.7000000000000002        2.0560422208236009E-004   5.8617050853314361E-002
   7.7500000000000000        2.0594313144456310E-004   5.8616447764317264E-002
   7.8000000000000007        2.0628287792372587E-004   5.8615843687026201E-002
   7.8500000000000005        2.0662346427054415E-004   5.8615238619014423E-002
   7.9000000000000004        2.0696489324085635E-004   5.8614632557847150E-002
   7.9500000000000002        2.0730716763543919E-004   5.8614025501081954E-002
   8.0000000000000000        2.0765029023053200E-004   5.8613417446268079E-002
   8.0500000000000007        2.0799426383131362E-004   5.8612808390946847E-002
   8.0999999999999996        2.0833909124394137E-004   5.8612198332651445E-002
   8.1500000000000004        2.0868477529752206E-004   5.8611587268907084E-002
   8.2000000000000011        2.0903131882449367E-004   5.8610975197230700E-002
   8.2500000000000000        2.0937872466119664E-004   5.8610362115131057E-002
   8.3000000000000007        2.0972699570053418E-004   5.8609748020109084E-002
   8.3499999999999996        2.1007613479100316E-004   5.8609132909656921E-002
   8.4000000000000004        2.1042614481583494E-004   5.8608516781258710E-002
   8.4500000000000011        2.1077702867282273E-004   5.8607899632390291E-002
   8.5000000000000000        2.1112878927901114E-004   5.8607281460519203E-002
   8.5500000000000007        2.1148142953974754E-004   5.8606662263104410E-002
   8.5999999999999996        2.1183495238010370E-004   5.8606042037596562E-002
   8.6500000000000004        2.1218936075308268E-004   5.8605420781437961E-002
   8.7000000000000011        2.1254465762317892E-004   5.8604798492062474E-002
   8.7500000000000000        2.1290084596049813E-004   5.8604175166895339E-002
   8.8000000000000007        2.1325792872478865E-004   5.8603550803353048E-002
   8.8499999999999996        2.1361590892674591E-004   5.8602925398843896E-002
   8.9000000000000004        2.1397478957831857E-004   5.8602298950767427E-002
   8.9500000000000011        2.1433457367706792E-004   5.8601671456514244E-002
   9.0000000000000000        2.1469526426373746E-004   5.8601042913466614E-002
   9.0500000000000007        2.1505686437932117E-004   5.8600413318997915E-002
   9.0999999999999996        2.1541937708148356E-004   5.8599782670472784E-002
   9.1500000000000004        2.1578280544842644E-004   5.8599150965247183E-002
   9.2000000000000011        2.1614715254987264E-004   5.8598518200667957E-002
   9.2500000000000000        2.1651242147685166E-004   5.8597884374073220E-002
   9.3000000000000007        2.1687861535666815E-004   5.8597249482792366E-002
   9.3499999999999996        2.1724573729241183E-004   5.8596613524145483E-002
   9.4000000000000004        2.1761379042499913E-004   5.8595976495443909E-002
   9.4500000000000011        2.1798277790631369E-004   5.8595338393989949E-002
   9.5000000000000000        2.1835270289696993E-004   5.8594699217076766E-002
   9.5500000000000007        2.1872356856046090E-004   5.8594058961988355E-002
   9.6000000000000014        2.1909537809743966E-004   5.8593417625999789E-002
   9.6500000000000004        2.1946813470186414E-004   5.8592775206376770E-002
   9.7000000000000011        2.1984184158355463E-004   5.8592131700375791E-002
   9.7500000000000000        2.2021650198009773E-004   5.8591487105244255E-002
   9.8000000000000007        2.2059211912425555E-004   5.8590841418220074E-002
   9.8500000000000014        2.2096869628245594E-004   5.8590194636532020E-002
   9.9000000000000004        2.2134623671904826E-004   5.8589546757399344E-002
   9.9500000000000011        2.2172474371686218E-004   5.8588897778031918E-002
   10.000000000000000        2.2210422058311825E-004   5.8588247695630258E-002
   10.050000000000001        2.2248467061717454E-004   5.8587596507385188E-002
   10.100000000000001        2.2286609714579941E-004   5.8586944210478144E-002
   10.150000000000000        2.2324850350663225E-004   5.8586290802080915E-002
   10.200000000000001        2.2363189306470890E-004   5.8585636279355841E-002
   10.250000000000000        2.2401626917789485E-004   5.8584980639455386E-002
   10.300000000000001        2.2440163524073628E-004   5.8584323879522539E-002
   10.350000000000001        2.2478799464000138E-004   5.8583665996690321E-002
   10.400000000000000        2.2517535080463313E-004   5.8583006988082234E-002
   10.450000000000001        2.2556370713526576E-004   5.8582346850811574E-002
   10.500000000000000        2.2595306710450664E-004   5.8581685581982325E-002
   10.550000000000001        2.2634343414648197E-004   5.8581023178688005E-002
   10.600000000000001        2.2673481174769012E-004   5.8580359638012600E-002
   10.650000000000000        2.2712720337460157E-004   5.8579694957029763E-002
   10.700000000000001        2.2752061252659758E-004   5.8579029132803273E-002
   10.750000000000000        2.2791504274688172E-004   5.8578362162387126E-002
   10.800000000000001        2.2831049753982758E-004   5.8577694042824681E-002
   10.850000000000001        2.2870698046913754E-004   5.8577024771149538E-002
   10.900000000000000        2.2910449508757399E-004   5.8576354344384858E-002
   10.950000000000001        2.2950304497366012E-004   5.8575682759543654E-002
   11.000000000000000        2.2990263372805775E-004   5.8575010013628699E-002
   11.050000000000001        2.3030326493940246E-004   5.8574336103632170E-002
   11.100000000000001        2.3070494225783071E-004   5.8573661026536307E-002
   11.150000000000000        2.3110766932783234E-004   5.8572984779312713E-002
   11.200000000000001        2.3151144977865266E-004   5.8572307358922181E-002
   11.250000000000000        2.3191628728270553E-004   5.8571628762315329E-002
   11.300000000000001        2.3232218552923784E-004   5.8570948986432170E-002
   11.350000000000001        2.3272914824206637E-004   5.8570268028202317E-002
   11.400000000000000        2.3313717912057906E-004   5.8569585884544313E-002
   11.450000000000001        2.3354628191260313E-004   5.8568902552366298E-002
   11.500000000000000        2.3395646037755645E-004   5.8568218028565669E-002
   11.550000000000001        2.3436771828338359E-004   5.8567532310028876E-002
   11.600000000000001        2.3478005939246634E-004   5.8566845393631398E-002
   11.650000000000000        2.3519348752114566E-004   5.8566157276238137E-002
   11.700000000000001        2.3560800647464880E-004   5.8565467954702834E-002
   11.750000000000000        2.3602362011904989E-004   5.8564777425868644E-002
   11.800000000000001        2.3644033228318334E-004   5.8564085686567159E-002
   11.850000000000001        2.3685814684184969E-004   5.8563392733619206E-002
   11.900000000000000        2.3727706767912680E-004   5.8562698563834364E-002
   11.950000000000001        2.3769709870564404E-004   5.8562003174011189E-002
   12.000000000000000        2.3811824383647906E-004   5.8561306560936825E-002
   12.050000000000001        2.3854050700422268E-004   5.8560608721387200E-002
   12.100000000000001        2.3896389216713490E-004   5.8559909652126971E-002
   12.150000000000000        2.3938840330950755E-004   5.8559209349909526E-002
   12.200000000000001        2.3981404440612050E-004   5.8558507811476514E-002
   12.250000000000000        2.4024081948997294E-004   5.8557805033558570E-002
   12.300000000000001        2.4066873255007386E-004   5.8557101012874146E-002
   12.350000000000001        2.4109778766303542E-004   5.8556395746130877E-002
   12.400000000000000        2.4152798886944844E-004   5.8555689230024147E-002
   12.450000000000001        2.4195934025330072E-004   5.8554981461238005E-002
   12.500000000000000        2.4239184592646115E-004   5.8554272436444808E-002
   12.550000000000001        2.4282550997815810E-004   5.8553562152304763E-002
   12.600000000000001        2.4326033656145080E-004   5.8552850605466673E-002
   12.650000000000000        2.4369632983658768E-004   5.8552137792567349E-002
   12.700000000000001        2.4413349396041495E-004   5.8551423710231469E-002
   12.750000000000000        2.4457183312177639E-004   5.8550708355071805E-002
   12.800000000000001        2.4501135153562011E-004   5.8549991723689236E-002
   12.850000000000001        2.4545205342226721E-004   5.8549273812672331E-002
   12.900000000000000        2.4589394303385295E-004   5.8548554618597724E-002
   12.950000000000001        2.4633702463565724E-004   5.8547834138029692E-002
   13.000000000000000        2.4678130250649843E-004   5.8547112367520263E-002
   13.050000000000001        2.4722678097490440E-004   5.8546389303609427E-002
   13.100000000000001        2.4767346434901466E-004   5.8545664942824378E-002
   13.150000000000000        2.4812135695653103E-004   5.8544939281679954E-002
   13.200000000000001        2.4857046316791303E-004   5.8544212316678737E-002
   13.250000000000000        2.4902078736162471E-004   5.8543484044310604E-002
   13.300000000000001        2.4947233395513946E-004   5.8542754461053094E-002
   13.350000000000001        2.4992510737015727E-004   5.8542023563370897E-002
   13.400000000000000        2.5037911203963165E-004   5.8541291347715921E-002
   13.450000000000001        2.5083435242080301E-004   5.8540557810527354E-002
   13.500000000000000        2.5129083300353333E-004   5.8539822948231707E-002
   13.550000000000001        2.5174855828117952E-004   5.8539086757242467E-002
   13.600000000000001        2.5220753279977485E-004   5.8538349233960417E-002
   13.650000000000000        2.5266776108261196E-004   5.8537610374772987E-002
   13.700000000000001        2.5312924769405965E-004   5.8536870176054773E-002
   13.750000000000000        2.5359199721726867E-004   5.8536128634167198E-002
   13.800000000000001        2.5405601425210027E-004   5.8535385745458489E-002
   13.850000000000001        2.5452130343527198E-004   5.8534641506263849E-002
   13.900000000000000        2.5498786941704533E-004   5.8533895912905046E-002
   13.950000000000001        2.5545571685712165E-004   5.8533148961690429E-002
   14.000000000000000        2.5592485045451393E-004   5.8532400648915066E-002
   14.050000000000001        2.5639527492069100E-004   5.8531650970860521E-002
   14.100000000000001        2.5686699498456492E-004   5.8530899923794739E-002
   14.150000000000000        2.5734001540252198E-004   5.8530147503972174E-002
   14.200000000000001        2.5781434094889990E-004   5.8529393707633548E-002
   14.250000000000000        2.5828997642090548E-004   5.8528638531005900E-002
   14.300000000000001        2.5876692664874559E-004   5.8527881970302585E-002
   14.350000000000001        2.5924519646959733E-004   5.8527124021722957E-002
   14.400000000000000        2.5972479072990909E-004   5.8526364681452364E-002
   14.450000000000001        2.6020571434386055E-004   5.8525603945662606E-002
   14.500000000000000        2.6068797220048446E-004   5.8524841810511027E-002
   14.550000000000001        2.6117156925591539E-004   5.8524078272141219E-002
   14.600000000000001        2.6165651044817595E-004   5.8523313326682314E-002
   14.650000000000000        2.6214280077132055E-004   5.8522546970249452E-002
   14.700000000000001        2.6263044519966351E-004   5.8521779198943108E-002
   14.750000000000000        2.6311944878745514E-004   5.8521010008849961E-002
   14.800000000000001        2.6360981656766878E-004   5.8520239396041805E-002
   14.850000000000001        2.6410155361607441E-004   5.8519467356576128E-002
   14.900000000000000        2.6459466502825723E-004   5.8518693886495853E-002
   14.950000000000001        2.6508915592887656E-004   5.8517918981829294E-002
   15.000000000000000        2.6558503144461556E-004   5.8517142638589890E-002
   15.050000000000001        2.6608229674671255E-004   5.8516364852776490E-002
   15.100000000000001        2.6658095701568630E-004   5.8515585620373047E-002
   15.150000000000000        2.6708101748767755E-004   5.8514804937348834E-002
   15.200000000000001        2.6758248338976836E-004   5.8514022799657880E-002
   15.250000000000000        2.6808535999928808E-004   5.8513239203239406E-002
   15.300000000000001        2.6858965259176601E-004   5.8512454144017269E-002
   15.350000000000001        2.6909536647618589E-004   5.8511667617900241E-002
   15.400000000000000        2.6960250700157438E-004   5.8510879620782004E-002
   15.450000000000001        2.7011107952142494E-004   5.8510090148540722E-002
   15.500000000000000        2.7062108943929584E-004   5.8509299197039399E-002
   15.550000000000001        2.7113254215545610E-004   5.8508506762125281E-002
   15.600000000000001        2.7164544310266046E-004   5.8507712839630195E-002
   15.650000000000000        2.7215979775041212E-004   5.8506917425370474E-002
   15.700000000000001        2.7267561158489780E-004   5.8506120515146635E-002
   15.750000000000000        2.7319289012899304E-004   5.8505322104743636E-002
   15.800000000000001        2.7371163892273833E-004   5.8504522189930415E-002
   15.850000000000001        2.7423186354657853E-004   5.8503720766460189E-002
   15.900000000000000        2.7475356958119539E-004   5.8502917830069973E-002
   15.950000000000001        2.7527676265310888E-004   5.8502113376480883E-002
   16.000000000000000        2.7580144841094330E-004   5.8501307401397896E-002
   16.050000000000001        2.7632763252847376E-004   5.8500499900509761E-002
   16.100000000000001        2.7685532071126755E-004   5.8499690869488967E-002
   16.150000000000002        2.7738451869251790E-004   5.8498880303991689E-002
   16.199999999999999        2.7791523220329077E-004   5.8498068199657388E-002
   16.250000000000000        2.7844746704549595E-004   5.8497254552109412E-002
   16.300000000000001        2.7898122902476110E-004   5.8496439356954338E-002
   16.350000000000001        2.7951652399467848E-004   5.8495622609782208E-002
   16.400000000000002        2.8005335779829717E-004   5.8494804306165986E-002
   16.449999999999999        2.8059173635661778E-004   5.8493984441662282E-002
   16.500000000000000        2.8113166557230273E-004   5.8493163011810387E-002
   16.550000000000001        2.8167315141534952E-004   5.8492340012132896E-002
   16.600000000000001        2.8221619985680587E-004   5.8491515438135154E-002
   16.650000000000002        2.8276081688871261E-004   5.8490689285305271E-002
   16.699999999999999        2.8330700856081807E-004   5.8489861549114397E-002
   16.750000000000000        2.8385478095317035E-004   5.8489032225016377E-002
   16.800000000000001        2.8440414014384849E-004   5.8488201308447375E-002
   16.850000000000001        2.8495509226190687E-004   5.8487368794826279E-002
   16.900000000000002        2.8550764347981154E-004   5.8486534679554551E-002
   16.949999999999999        2.8606179995927493E-004   5.8485698958015607E-002
   17.000000000000000        2.8661756791567859E-004   5.8484861625575382E-002
   17.050000000000001        2.8717495360466475E-004   5.8484022677582098E-002
   17.100000000000001        2.8773396329569617E-004   5.8483182109365935E-002
   17.150000000000002        2.8829460329937647E-004   5.8482339916239121E-002
   17.199999999999999        2.8885687995756974E-004   5.8481496093495886E-002
   17.250000000000000        2.8942079961863062E-004   5.8480650636412015E-002
   17.300000000000001        2.8998636867532611E-004   5.8479803540245241E-002
   17.350000000000001        2.9055359357692631E-004   5.8478954800235169E-002
   17.400000000000002        2.9112248078960886E-004   5.8478104411602845E-002
   17.449999999999999        2.9169303677181919E-004   5.8477252369550391E-002
   17.500000000000000        2.9226526806367623E-004   5.8476398669261881E-002
   17.550000000000001        2.9283918122465218E-004   5.8475543305902530E-002
   17.600000000000001        2.9341478283119752E-004   5.8474686274618638E-002
   17.650000000000002        2.9399207951564540E-004   5.8473827570537845E-002
   17.699999999999999        2.9457107791111314E-004   5.8472967188768550E-002
   17.750000000000000        2.9515178472841854E-004   5.8472105124400493E-002
   17.800000000000001        2.9573420666930095E-004   5.8471241372503868E-002
   17.850000000000001        2.9631835047996824E-004   5.8470375928129752E-002
   17.900000000000002        2.9690422295055208E-004   5.8469508786309965E-002
   17.949999999999999        2.9749183089800550E-004   5.8468639942056866E-002
   18.000000000000000        2.9808118117331372E-004   5.8467769390363238E-002
   18.050000000000001        2.9867228066612434E-004   5.8466897126202316E-002
   18.100000000000001        2.9926513627126321E-004   5.8466023144527354E-002
   18.150000000000002        2.9985975494485769E-004   5.8465147440272050E-002
   18.199999999999999        3.0045614368233388E-004   5.8464270008350222E-002
   18.250000000000000        3.0105430950594852E-004   5.8463390843655628E-002
   18.300000000000001        3.0165425947788259E-004   5.8462509941061939E-002
   18.350000000000001        3.0225600068792946E-004   5.8461627295422529E-002
   18.400000000000002        3.0285954024575714E-004   5.8460742901570370E-002
   18.449999999999999        3.0346488533672459E-004   5.8459856754318355E-002
   18.500000000000000        3.0407204312936018E-004   5.8458968848458415E-002
   18.550000000000001        3.0468102089555797E-004   5.8458079178762487E-002
   18.600000000000001        3.0529182587312717E-004   5.8457187739981140E-002
   18.650000000000002        3.0590446538783251E-004   5.8456294526844602E-002
   18.699999999999999        3.0651894677562961E-004   5.8455399534061946E-002
   18.750000000000000        3.0713527737785305E-004   5.8454502756320942E-002
   18.800000000000001        3.0775346465786998E-004   5.8453604188289036E-002
   18.850000000000001        3.0837351604224921E-004   5.8452703824611728E-002
   18.900000000000002        3.0899543904816740E-004   5.8451801659913726E-002
   18.949999999999999        3.0961924118138749E-004   5.8450897688797770E-002
   19.000000000000000        3.1024493001458872E-004   5.8449991905845364E-002
   19.050000000000001        3.1087251315846902E-004   5.8449084305616336E-002
   19.100000000000001        3.1150199822889700E-004   5.8448174882648446E-002
   19.150000000000002        3.1213339292325874E-004   5.8447263631458024E-002
   19.200000000000003        3.1276670496240461E-004   5.8446350546539225E-002
   19.250000000000000        3.1340194208943223E-004   5.8445435622363977E-002
   19.300000000000001        3.1403911213304309E-004   5.8444518853382421E-002
   19.350000000000001        3.1467822291095303E-004   5.8443600234021932E-002
   19.400000000000002        3.1531928231028278E-004   5.8442679758687686E-002
   19.450000000000003        3.1596229823858669E-004   5.8441757421762185E-002
   19.500000000000000        3.1660727864282577E-004   5.8440833217605258E-002
   19.550000000000001        3.1725423153561912E-004   5.8439907140554220E-002
   19.600000000000001        3.1790316494758529E-004   5.8438979184923238E-002
   19.650000000000002        3.1855408696278357E-004   5.8438049345003650E-002
   19.700000000000003        3.1920700569893504E-004   5.8437117615063608E-002
   19.750000000000000        3.1986192929770325E-004   5.8436183989347829E-002
   19.800000000000001        3.2051886600299289E-004   5.8435248462078301E-002
   19.850000000000001        3.2117782403766175E-004   5.8434311027452890E-002
   19.900000000000002        3.2183881170086604E-004   5.8433371679646254E-002
   19.950000000000003        3.2250183730375161E-004   5.8432430412808989E-002
   20.000000000000000        3.2316690921870564E-004   5.8431487221068119E-002
   20.050000000000001        3.2383403588089217E-004   5.8430542098526869E-002
   20.100000000000001        3.2450322572930913E-004   5.8429595039264003E-002
   20.150000000000002        3.2517448727659132E-004   5.8428646037334435E-002
   20.200000000000003        3.2584782905974396E-004   5.8427695086768504E-002
   20.250000000000000        3.2652325968602323E-004   5.8426742181572427E-002
   20.300000000000001        3.2720078778306614E-004   5.8425787315727569E-002
   20.350000000000001        3.2788042200300460E-004   5.8424830483190436E-002
   20.400000000000002        3.2856217110032891E-004   5.8423871677893313E-002
   20.450000000000003        3.2924604383576374E-004   5.8422910893743088E-002
   20.500000000000000        3.2993204903123671E-004   5.8421948124621759E-002
   20.550000000000001        3.3062019553399612E-004   5.8420983364385934E-002
   20.600000000000001        3.3131049224906011E-004   5.8420016606866985E-002
   20.650000000000002        3.3200294816064312E-004   5.8419047845871167E-002
   20.700000000000003        3.3269757222711461E-004   5.8418077075178404E-002
   20.750000000000000        3.3339437351480739E-004   5.8417104288543499E-002
   20.800000000000001        3.3409336111275085E-004   5.8416129479695149E-002
   20.850000000000001        3.3479454416188680E-004   5.8415152642336148E-002
   20.900000000000002        3.3549793183969544E-004   5.8414173770142991E-002
   20.950000000000003        3.3620353338951098E-004   5.8413192856766154E-002
   21.000000000000000        3.3691135811840403E-004   5.8412209895829785E-002
   21.050000000000001        3.3762141533152695E-004   5.8411224880931048E-002
   21.100000000000001        3.3833371442001177E-004   5.8410237805640773E-002
   21.150000000000002        3.3904826481637369E-004   5.8409248663502944E-002
   21.200000000000003        3.3976507599995005E-004   5.8408257448034490E-002
   21.250000000000000        3.4048415749758122E-004   5.8407264152725305E-002
   21.300000000000001        3.4120551889259249E-004   5.8406268771038043E-002
   21.350000000000001        3.4192916983567399E-004   5.8405271296408184E-002
   21.400000000000002        3.4265512000604593E-004   5.8404271722243432E-002
   21.450000000000003        3.4338337911218278E-004   5.8403270041923631E-002
   21.500000000000000        3.4411395696354915E-004   5.8402266248801314E-002
   21.550000000000001        3.4484686337120314E-004   5.8401260336200536E-002
   21.600000000000001        3.4558210823981922E-004   5.8400252297417715E-002
   21.650000000000002        3.4631970151756354E-004   5.8399242125720854E-002
   21.700000000000003        3.4705965319290860E-004   5.8398229814349494E-002
   21.750000000000000        3.4780197330422808E-004   5.8397215356514570E-002
   21.800000000000001        3.4854667196466792E-004   5.8396198745398503E-002
   21.850000000000001        3.4929375934522687E-004   5.8395179974154943E-002
   21.900000000000002        3.5004324561241839E-004   5.8394159035907924E-002
   21.950000000000003        3.5079514108310255E-004   5.8393135923753288E-002
   22.000000000000000        3.5154945602401092E-004   5.8392110630756520E-002
   22.050000000000001        3.5230620085088533E-004   5.8391083149954566E-002
   22.100000000000001        3.5306538596009001E-004   5.8390053474354019E-002
   22.150000000000002        3.5382702184468380E-004   5.8389021596932072E-002
   22.200000000000003        3.5459111907195295E-004   5.8387987510636168E-002
   22.250000000000000        3.5535768821376044E-004   5.8386951208383123E-002
   22.300000000000001        3.5612673992836290E-004   5.8385912683059815E-002
   22.350000000000001        3.5689828494412176E-004   5.8384871927522793E-002
   22.400000000000002        3.5767233403641795E-004   5.8383828934597905E-002
   22.450000000000003        3.5844889800467678E-004   5.8382783697079922E-002
   22.500000000000000        3.5922798774084880E-004   5.8381736207733112E-002
   22.550000000000001        3.6000961420767469E-004   5.8380686459290683E-002
   22.600000000000001        3.6079378841635817E-004   5.8379634444454528E-002
   22.650000000000002        3.6158052140482352E-004   5.8378580155894803E-002
   22.700000000000003        3.6236982430801342E-004   5.8377523586250465E-002
   22.750000000000000        3.6316170831455374E-004   5.8376464728128644E-002
   22.800000000000001        3.6395618467009510E-004   5.8375403574104492E-002
   22.850000000000001        3.6475326469634774E-004   5.8374340116721220E-002
   22.900000000000002        3.6555295975261966E-004   5.8373274348489539E-002
   22.950000000000003        3.6635528125144456E-004   5.8372206261887626E-002
   23.000000000000000        3.6716024074331976E-004   5.8371135849361752E-002
   23.050000000000001        3.6796784972453951E-004   5.8370063103324273E-002
   23.100000000000001        3.6877811985465246E-004   5.8368988016155553E-002
   23.150000000000002        3.6959106279016825E-004   5.8367910580202124E-002
   23.200000000000003        3.7040669028196537E-004   5.8366830787777539E-002
   23.250000000000000        3.7122501415745682E-004   5.8365748631161903E-002
   23.300000000000001        3.7204604627125046E-004   5.8364664102601292E-002
   23.350000000000001        3.7286979859493352E-004   5.8363577194308368E-002
   23.400000000000002        3.7369628311048012E-004   5.8362487898461199E-002
   23.450000000000003        3.7452551189871933E-004   5.8361396207203937E-002
   23.500000000000000        3.7535749711520034E-004   5.8360302112646374E-002
   23.550000000000001        3.7619225096228537E-004   5.8359205606863453E-002
   23.600000000000001        3.7702978571170129E-004   5.8358106681895297E-002
   23.650000000000002        3.7787011372035121E-004   5.8357005329747254E-002
   23.700000000000003        3.7871324736675341E-004   5.8355901542388948E-002
   23.750000000000000        3.7955919917070479E-004   5.8354795311755338E-002
   23.800000000000001        3.8040798166260524E-004   5.8353686629745258E-002
   23.850000000000001        3.8125960746951057E-004   5.8352575488221974E-002
   23.900000000000002        3.8211408927376467E-004   5.8351461879012620E-002
   23.950000000000003        3.8297143984433474E-004   5.8350345793908326E-002
   24.000000000000000        3.8383167201867135E-004   5.8349227224663805E-002
   24.050000000000001        3.8469479868614341E-004   5.8348106162996981E-002
   24.100000000000001        3.8556083284956797E-004   5.8346982600589410E-002
   24.150000000000002        3.8642978754363299E-004   5.8345856529085235E-002
   24.200000000000003        3.8730167588121335E-004   5.8344727940091455E-002
   24.250000000000000        3.8817651108149489E-004   5.8343596825178021E-002
   24.300000000000001        3.8905430639941653E-004   5.8342463175876852E-002
   24.350000000000001        3.8993507518041278E-004   5.8341326983682190E-002
   24.400000000000002        3.9081883085905801E-004   5.8340188240050467E-002
   24.450000000000003        3.9170558690795681E-004   5.8339046936399394E-002
   24.500000000000000        3.9259535691819414E-004   5.8337903064108708E-002
   24.550000000000001        3.9348815453440925E-004   5.8336756614519210E-002
   24.600000000000001        3.9438399347532744E-004   5.8335607578932823E-002
   24.650000000000002        3.9528288754931107E-004   5.8334455948612446E-002
   24.700000000000003        3.9618485066212847E-004   5.8333301714781793E-002
   24.750000000000000        3.9708989673774736E-004   5.8332144868624515E-002
   24.800000000000001        3.9799803984832212E-004   5.8330985401285111E-002
   24.850000000000001        3.9890929409817769E-004   5.8329823303867621E-002
   24.900000000000002        3.9982367368769108E-004   5.8328658567436020E-002
   24.950000000000003        4.0074119289495444E-004   5.8327491183013842E-002
   25.000000000000000        4.0166186609767837E-004   5.8326321141584057E-002
   25.050000000000001        4.0258570772424738E-004   5.8325148434088446E-002
   25.100000000000001        4.0351273231579375E-004   5.8323973051427953E-002
   25.150000000000002        4.0444295448297825E-004   5.8322794984461988E-002
   25.200000000000003        4.0537638891537721E-004   5.8321614224008334E-002
   25.250000000000000        4.0631305041718616E-004   5.8320430760843187E-002
   25.300000000000001        4.0725295383856069E-004   5.8319244585700272E-002
   25.350000000000001        4.0819611412193531E-004   5.8318055689271099E-002
   25.400000000000002        4.0914254630041076E-004   5.8316864062204612E-002
   25.450000000000003        4.1009226552037411E-004   5.8315669695107229E-002
   25.500000000000000        4.1104528697867316E-004   5.8314472578541936E-002
   25.550000000000001        4.1200162596567464E-004   5.8313272703028496E-002
   25.600000000000001        4.1296129786826650E-004   5.8312070059043201E-002
   25.650000000000002        4.1392431818282940E-004   5.8310864637018726E-002
   25.700000000000003        4.1489070246765713E-004   5.8309656427343412E-002
   25.750000000000000        4.1586046637167852E-004   5.8308445420361329E-002
   25.800000000000001        4.1683362563478359E-004   5.8307231606371974E-002
   25.850000000000001        4.1781019611786751E-004   5.8306014975630309E-002
   25.900000000000002        4.1879019374788091E-004   5.8304795518345963E-002
   25.950000000000003        4.1977363453394142E-004   5.8303573224683138E-002
   26.000000000000000        4.2076053460914895E-004   5.8302348084760716E-002
   26.050000000000001        4.2175091018013594E-004   5.8301120088651529E-002
   26.100000000000001        4.2274477757007833E-004   5.8299889226382469E-002
   26.150000000000002        4.2374215317369905E-004   5.8298655487933823E-002
   26.200000000000003        4.2474305348716131E-004   5.8297418863239227E-002
   26.250000000000000        4.2574749509273246E-004   5.8296179342185311E-002
   26.300000000000001        4.2675549470049499E-004   5.8294936914611781E-002
   26.350000000000001        4.2776706910624526E-004   5.8293691570310745E-002
   26.400000000000002        4.2878223519841917E-004   5.8292443299026456E-002
   26.450000000000003        4.2980100995563967E-004   5.8291192090455045E-002
   26.500000000000000        4.3082341046970753E-004   5.8289937934244453E-002
   26.550000000000001        4.3184945395965745E-004   5.8288680819994290E-002
   26.600000000000001        4.3287915769454996E-004   5.8287420737254687E-002
   26.650000000000002        4.3391253909300814E-004   5.8286157675527125E-002
   26.700000000000003        4.3494961565787138E-004   5.8284891624263410E-002
   26.750000000000000        4.3599040498867956E-004   5.8283622572865471E-002
   26.800000000000001        4.3703492476689706E-004   5.8282350510685026E-002
   26.850000000000001        4.3808319282540514E-004   5.8281075427023883E-002
   26.900000000000002        4.3913522708151153E-004   5.8279797311133009E-002
   26.950000000000003        4.4019104557512618E-004   5.8278516152212523E-002
   27.000000000000000        4.4125066645270592E-004   5.8277231939411311E-002
   27.050000000000001        4.4231410796049321E-004   5.8275944661826597E-002
   27.100000000000001        4.4338138849934155E-004   5.8274654308503433E-002
   27.150000000000002        4.4445253297570352E-004   5.8273360868430102E-002
   27.200000000000003        4.4552815500952442E-004   5.8272064330078970E-002
   27.250000000000000        4.4666394317211482E-004   5.8270764638571886E-002
   27.300000000000001        4.5322160461207407E-004   5.8269458374032822E-002
   27.350000000000001        1.4909573904496164E-003   5.8267682294646239E-002
   27.400000000000002        6.7698108387666350E-002   5.8100568262824240E-002
   27.450000000000003        5.1817610185885349E-002   5.7928288333507369E-002
   27.500000000000000        3.9780029908000385E-002   5.7796590537270438E-002
   27.550000000000001        3.0656513681653778E-002   5.7695511919905546E-002
   27.600000000000001        2.3736474123327553E-002   5.7617567060599936E-002
   27.650000000000002        1.8479938798436898E-002   5.7557133900393569E-002
   27.700000000000003        1.4478497471492309E-002   5.7509988636305034E-002
   27.750000000000000        1.1424211081858685E-002   5.7472955257971713E-002
   27.800000000000001        9.0853428789747868E-003   5.7443642402987480E-002
   27.850000000000001        7.2876735033209810E-003   5.7420246255404130E-002
   27.900000000000002        5.9002542895657669E-003   5.7401403144327012E-002
   27.950000000000003        4.8246192348482507E-003   5.7386079409429691E-002
   28.000000000000000        3.9866557358946599E-003   5.7373489140308591E-002
   28.050000000000001        3.3304996439612960E-003   5.7363032728796129E-002
   28.100000000000001        2.8139610945620806E-003   5.7354250945562499E-002
   28.150000000000002        2.4051022846623372E-003   5.7346790589808315E-002
   28.200000000000003        2.0796791470946646E-003   5.7340378765254586E-002
   28.250000000000000        1.8194028694300782E-003   5.7334803529455892E-002
   28.300000000000001        1.9814434278336370E-002   5.7327291493472272E-002
   28.350000000000001        6.6016382780294841E-002   5.7118626781316399E-002
   28.400000000000002        5.0745765336336214E-002   5.6953133190428093E-002
   28.450000000000003        3.9149546323025287E-002   5.6826036279211060E-002
   28.500000000000000        3.0341067991995169E-002   5.6727970916907650E-002
   28.550000000000001        2.3642474040641688E-002   5.6651894224361989E-002
   28.600000000000001        1.8538765433237403E-002   5.6592509962313464E-002
   28.650000000000002        1.4640345918116065E-002   5.6545832966456794E-002
   28.700000000000003        1.1653306264116441E-002   5.6508861090275100E-002
   28.750000000000000        9.3562818398325795E-003   5.6479328926449759E-002
   28.800000000000001        7.5826616659259603E-003   5.6455523326496032E-002
   28.850000000000001        6.2070361893361448E-003   5.6436145399481538E-002
   28.900000000000002        5.1349406731608345E-003   5.6420207351235985E-002
   28.950000000000003        4.2951281373545796E-003   5.6406955379564791E-002
   29.000000000000000        3.6337663008214017E-003   5.6395812026393224E-002
   29.050000000000001        3.1100885255592541E-003   5.6386333046143877E-002
   29.100000000000001        2.6931386632059089E-003   5.6378175099465674E-002
   29.150000000000002        2.5101131458462496E-003   5.6371040160552041E-002
   29.200000000000003        7.2781603667235795E-002   5.6209103076959734E-002
   29.250000000000000        5.6128635304467843E-002   5.6029306234052050E-002
   29.300000000000001        4.3455719279791340E-002   5.5890793834004568E-002
   29.350000000000001        3.3808971962098158E-002   5.5783548402695012E-002
   29.400000000000002        2.6456994937325451E-002   5.5700026885329643E-002
   29.450000000000003        2.0842800952796094E-002   5.5634549725849788E-002
   29.500000000000000        1.6544207164786339E-002   5.5582837729795928E-002
   29.550000000000001        1.3242184674079895E-002   5.5541662740013167E-002
   29.600000000000001        1.0696083518053248E-002   5.5508585092484651E-002
   29.650000000000002        8.7245160627006969E-003   5.5481756765581022E-002
   29.700000000000003        7.1907548577951202E-003   5.5459774003679983E-002
   29.750000000000000        5.9916582860106904E-003   5.5441567064401613E-002
   29.800000000000001        5.0493138009344192E-003   5.5426317751773486E-002
   29.850000000000001        4.3047536876660653E-003   5.5413397712006138E-002
   29.900000000000002        3.7132401782349876E-003   5.5402322228683978E-002
   29.950000000000003        3.2620165600423779E-003   5.5392712218431096E-002
   30.000000000000000        7.6004611755593976E-002   5.5239747283202509E-002
   30.050000000000001        5.8868984781092572E-002   5.5054864404889034E-002
   30.100000000000001        4.5799246805368801E-002   5.4911799140203110E-002
   30.150000000000002        3.5825884844593765E-002   5.4800472501904389E-002
   30.200000000000003        2.8204478641649454E-002   5.4713285313618180E-002
   30.250000000000000        2.2367380886906468E-002   5.4644507443574367E-002
   30.300000000000001        1.7883773740221719E-002   5.4589814480402281E-002
   30.350000000000001        1.4427673089536623E-002   5.4545938057419870E-002
   30.400000000000002        1.1752838747866949E-002   5.4510402890319061E-002
   30.450000000000003        9.6733881504976887E-003   5.4481329493694712E-002
   30.500000000000000        8.0489715205435009E-003   5.4457286384099787E-002
   30.550000000000001        6.7735178143431265E-003   5.4437179431695668E-002
   30.600000000000001        5.7667350129177912E-003   5.4420169028185646E-002
   30.650000000000002        4.9677131495623169E-003   5.4405608049161974E-002
   30.700000000000003        4.3301209243406169E-003   5.4392995347164505E-002
   30.750000000000000        3.8186038109742429E-003   5.4381940839992600E-002
   30.800000000000001        3.4060847681268388E-003   5.4372139257088552E-002
   30.850000000000001        3.0717413538185298E-003   5.4363350354236936E-002
   30.900000000000002        2.7994889348799791E-003   5.4355383965025782E-002
   30.950000000000003        2.5768422319105973E-003   5.4348088673585655E-002
   31.000000000000000        2.3940596027256888E-003   5.4341343202887644E-002
   31.050000000000001        2.2434986570540791E-003   5.4335049843346084E-002
   31.100000000000001        2.1191299196219550E-003   5.4329129417854699E-002
   31.150000000000002        2.0161688070097390E-003   5.4323517406862566E-002
   31.200000000000003        1.9307962879765797E-003   5.4318160951899772E-002
   31.250000000000000        1.8599461299866934E-003   5.4313016526558879E-002
   31.300000000000001        1.8011422389054474E-003   5.4308048116480011E-002
   31.350000000000001        1.7523737748855132E-003   5.4303225789105361E-002
   31.400000000000002        1.7119988330772671E-003   5.4298524563221068E-002
   31.450000000000003        1.6786697899739676E-003   5.4293923510175909E-002
   31.500000000000000        1.6512751405973866E-003   5.4289405035065012E-002
   31.550000000000001        1.6288939350556407E-003   5.4284954298453612E-002
   31.600000000000001        1.6107598824056557E-003   5.4280558748474254E-002
   31.650000000000002        1.5962329056358488E-003   5.4276207740104637E-002
   31.700000000000003        1.5847764680154896E-003   5.4271892223714389E-002
   31.750000000000000        1.5759393927690772E-003   5.4267604488973678E-002
   31.800000000000001        1.5693412007446318E-003   5.4263337953274600E-002
   31.850000000000001        1.5646602173077324E-003   5.4259086986143013E-002
   31.900000000000002        1.5616238727538018E-003   5.4254846762922741E-002
   31.950000000000003        1.5600007493844154E-003   5.4250613142387064E-002
   32.000000000000000        1.5595940285612220E-003   5.4246382564017384E-002
   32.050000000000004        1.5602360662064513E-003   5.4242151961523218E-002
   32.100000000000001        1.5617838827772675E-003   5.4237918689831820E-002
   32.149999999999999        1.5641153986453078E-003   5.4233680463297518E-002
   32.200000000000003        1.5671262805595355E-003   5.4229435303294611E-002
   32.250000000000000        1.5707272912013983E-003   5.4225181493681364E-002
   32.300000000000004        1.5748420548750770E-003   5.4220917542887492E-002
   32.350000000000001        1.5794051692646237E-003   5.4216642151593969E-002
   32.399999999999999        1.5843606059291770E-003   5.4212354185144127E-002
   32.450000000000003        1.5896603521437789E-003   5.4208052649962715E-002
   32.500000000000000        1.5952632561555579E-003   5.4203736673386259E-002
   32.550000000000004        1.6011340436725854E-003   5.4199405486394209E-002
   32.600000000000001        1.6072424784088603E-003   5.4195058408807589E-002
   32.649999999999999        1.6135626457050309E-003   5.4190694836602910E-002
   32.700000000000003        1.6200723398610603E-003   5.4186314231026739E-002
   32.750000000000000        1.6267525396679164E-003   5.4181916109250404E-002
   32.800000000000004        1.6335869595512011E-003   5.4177500036347769E-002
   32.850000000000001        1.6405616646677031E-003   5.4173065618401232E-002
   32.899999999999999        1.6476647409654802E-003   5.4168612496578422E-002
   32.950000000000003        1.6548860120009299E-003   5.4164140342039119E-002
   33.000000000000000        1.6622167959128033E-003   5.4159648851555962E-002
   33.050000000000004        1.6696496967805383E-003   5.4155137743748014E-002
   33.100000000000001        1.6771784254700100E-003   5.4150606755840568E-002
   33.149999999999999        1.6847976454709304E-003   5.4146055640874449E-002
   33.200000000000003        1.6925028406758939E-003   5.4141484165306057E-002
   33.250000000000000        1.7002902014975200E-003   5.4136892106938901E-002
   33.300000000000004        1.7081565272500715E-003   5.4132279253144393E-002
   33.350000000000001        1.7160991418865075E-003   5.4127645399326060E-002
   33.399999999999999        1.7241158219175605E-003   5.4122990347599251E-002
   33.450000000000003        1.7322047339152595E-003   5.4118313905648176E-002
   33.500000000000000        1.7403643813403559E-003   5.4113615885745446E-002
   33.550000000000004        1.7485935583485207E-003   5.4108896103901745E-002
   33.600000000000001        1.7568913104038519E-003   5.4104154379134656E-002
   33.649999999999999        1.7652569001696036E-003   5.4099390532834898E-002
   33.700000000000003        1.7736897781714886E-003   5.4094604388218545E-002
   33.750000000000000        1.7821895577824342E-003   5.4089795769854870E-002
   33.800000000000004        1.7907559935192885E-003   5.4084964503255756E-002
   33.850000000000001        1.7993889623733376E-003   5.4080110414519586E-002
   33.899999999999999        1.8080884479184964E-003   5.4075233330023578E-002
   33.950000000000003        1.8168545265941590E-003   5.4070333076155802E-002
   34.000000000000000        1.8256873556701954E-003   5.4065409479079521E-002
   34.050000000000004        1.8345871633508744E-003   5.4060462364531721E-002
   34.100000000000001        1.8435542398240407E-003   5.4055491557642638E-002
   34.149999999999999        1.8525889300446781E-003   5.4050496882782045E-002
   34.200000000000003        1.8616916269483350E-003   5.4045478163418453E-002
   34.250000000000000        1.8708627662256793E-003   5.4040435222000686E-002
   34.300000000000004        1.8801028213895205E-003   5.4035367879848632E-002
   34.350000000000001        1.8894122999753692E-003   5.4030275957060080E-002
   34.399999999999999        1.8987917397604961E-003   5.4025159272422726E-002
   34.450000000000003        1.9082417060709066E-003   5.4020017643340211E-002
   34.500000000000000        1.9177627890384346E-003   5.4014850885761252E-002
   34.550000000000004        1.9273556015344715E-003   5.4009658814117928E-002
   34.600000000000001        1.9370207772965655E-003   5.4004441241268318E-002
   34.649999999999999        1.9467589694336079E-003   5.3999197978444630E-002
   34.700000000000003        1.9565708489538698E-003   5.3993928835203299E-002
   34.750000000000000        1.9664571037956206E-003   5.3988633619381235E-002
   34.800000000000004        1.9764184378506062E-003   5.3983312137053117E-002
   34.850000000000001        1.9864555700333905E-003   5.3977964192490152E-002
   34.899999999999999        1.9965692338046676E-003   5.3972589588123801E-002
   34.950000000000003        2.0067601765012440E-003   5.3967188124508313E-002
   35.000000000000000        2.0170291589646314E-003   5.3961759600286485E-002
   35.050000000000004        2.0273769551447151E-003   5.3956303812155555E-002
   35.100000000000001        2.0378043517410766E-003   5.3950820554833669E-002
   35.149999999999999        2.0483121481738678E-003   5.3945309621029496E-002
   35.200000000000003        2.0589011562092809E-003   5.3939770801408819E-002
   35.250000000000000        2.0695722000507828E-003   5.3934203884565220E-002
   35.300000000000004        2.0803261159235307E-003   5.3928608656986281E-002
   35.350000000000001        2.0911637524140851E-003   5.3922984903026355E-002
   35.399999999999999        2.1020859702405655E-003   5.3917332404874195E-002
   35.450000000000003        2.1130936422695972E-003   5.3911650942522309E-002
   35.500000000000000        2.1241876536939115E-003   5.3905940293737832E-002
   35.550000000000004        2.1353689019532962E-003   5.3900200234030492E-002
   35.600000000000001        2.1466382968991261E-003   5.3894430536622649E-002
   35.649999999999999        2.1579967608682826E-003   5.3888630972418174E-002
   35.700000000000003        2.1694452287980841E-003   5.3882801309971112E-002
   35.750000000000000        2.1809846483822402E-003   5.3876941315454605E-002
   35.800000000000004        2.1926159801358451E-003   5.3871050752628290E-002
   35.850000000000001        2.2043401977114830E-003   5.3865129382807769E-002
   35.899999999999999        2.2161582878088720E-003   5.3859176964829732E-002
   35.950000000000003        2.2280712505615237E-003   5.3853193255021206E-002
   36.000000000000000        2.2400800996852698E-003   5.3847178007165743E-002
   36.050000000000004        2.2521858626500693E-003   5.3841130972469585E-002
   36.100000000000001        2.2643895806445900E-003   5.3835051899525449E-002
   36.149999999999999        2.2766923091894721E-003   5.3828940534281569E-002
   36.200000000000003        2.2890951181645494E-003   5.3822796620004845E-002
   36.250000000000000        2.3015990918714493E-003   5.3816619897243657E-002
   36.300000000000004        2.3142053293746787E-003   5.3810410103792942E-002
   36.350000000000001        2.3269149449562485E-003   5.3804166974659444E-002
   36.399999999999999        2.3397290679731259E-003   5.3797890242020766E-002
   36.450000000000003        2.3526488433008577E-003   5.3791579635189615E-002
   36.500000000000000        2.3656754315867635E-003   5.3785234880575232E-002
   36.550000000000004        2.3788100094091790E-003   5.3778855701643605E-002
   36.600000000000001        2.3920537696174075E-003   5.3772441818878455E-002
   36.649999999999999        2.4054079215652994E-003   5.3765992949740687E-002
   36.700000000000003        2.4188736914101672E-003   5.3759508808627725E-002
   36.750000000000000        2.4324523223461991E-003   5.3752989106831545E-002
   36.800000000000004        2.4461450748120856E-003   5.3746433552495719E-002
   36.850000000000001        2.4599532270338995E-003   5.3739841850574857E-002
   36.899999999999999        2.4738780749994894E-003   5.3733213702788038E-002
   36.950000000000003        2.4879209330100735E-003   5.3726548807576727E-002
   37.000000000000000        2.5020831338410910E-003   5.3719846860058408E-002
   37.050000000000004        2.5163660291688985E-003   5.3713107551981824E-002
   37.100000000000001        2.5307709897390250E-003   5.3706330571678979E-002
   37.149999999999999        2.5452994057388449E-003   5.3699515604018422E-002
   37.200000000000003        2.5599526873454374E-003   5.3692662330358874E-002
   37.250000000000000        2.5747322647091805E-003   5.3685770428497169E-002
   37.300000000000004        2.5896395884903601E-003   5.3678839572620325E-002
   37.350000000000001        2.6046761303031374E-003   5.3671869433255762E-002
   37.399999999999999        2.6198433827513542E-003   5.3664859677216986E-002
   37.450000000000003        2.6351428602439039E-003   5.3657809967555370E-002
   37.500000000000000        2.6505760989747190E-003   5.3650719963503346E-002
   37.550000000000004        2.6661446575339497E-003   5.3643589320422500E-002
   37.600000000000001        2.6818501171589366E-003   5.3636417689747320E-002
   37.649999999999999        2.6976940822749222E-003   5.3629204718930575E-002
   37.700000000000003        2.7136781808248692E-003   5.3621950051385717E-002
   37.750000000000000        2.7298040645548716E-003   5.3614653326427827E-002
   37.800000000000004        2.7460734096620707E-003   5.3607314179217068E-002
   37.850000000000001        2.7624879170933215E-003   5.3599932240697382E-002
   37.899999999999999        2.7790493130795788E-003   5.3592507137536508E-002
   37.950000000000003        2.7957593494883624E-003   5.3585038492063093E-002
   38.000000000000000        2.8126198042724183E-003   5.3577525922203675E-002
   38.050000000000004        2.8296324819456911E-003   5.3569969041418697E-002
   38.100000000000001        2.8467992143020454E-003   5.3562367458639286E-002
   38.149999999999999        2.8641218605412150E-003   5.3554720778197583E-002
   38.200000000000003        2.8816023078513876E-003   5.3547028599760078E-002
   38.250000000000000        2.8992424721417712E-003   5.3539290518260819E-002
   38.300000000000004        2.9170442983088812E-003   5.3531506123829245E-002
   38.350000000000001        2.9350097609829508E-003   5.3523675001720714E-002
   38.400000000000006        2.9531408648614302E-003   5.3515796732242334E-002
   38.450000000000003        2.9714396454382087E-003   5.3507870890680639E-002
   38.500000000000000        2.9899081693926938E-003   5.3499897047225006E-002
   38.550000000000004        3.0085485352735969E-003   5.3491874766892288E-002
   38.600000000000001        3.0273628742259751E-003   5.3483803609449959E-002
   38.650000000000006        3.0463533502486737E-003   5.3475683129333887E-002
   38.700000000000003        3.0655221610471906E-003   5.3467512875570063E-002
   38.750000000000000        3.0848715387516807E-003   5.3459292391692968E-002
   38.800000000000004        3.1044037503610757E-003   5.3451021215660179E-002
   38.850000000000001        3.1241210983701251E-003   5.3442698879767173E-002
   38.900000000000006        3.1440259217900700E-003   5.3434324910563595E-002
   38.950000000000003        3.1641205962523330E-003   5.3425898828759727E-002
   39.000000000000000        3.1844075353766790E-003   5.3417420149142601E-002
   39.050000000000004        3.2048891909725722E-003   5.3408888380479677E-002
   39.100000000000001        3.2255680538905381E-003   5.3400303025426789E-002
   39.150000000000006        3.2464466549906321E-003   5.3391663580434998E-002
   39.200000000000003        3.2675275657704549E-003   5.3382969535652455E-002
   39.250000000000000        3.2888133989590102E-003   5.3374220374824123E-002
   39.300000000000004        3.3103068095878480E-003   5.3365415575193934E-002
   39.350000000000001        3.3320104957614274E-003   5.3356554607401713E-002
   39.400000000000006        3.3539271994634059E-003   5.3347636935378709E-002
   39.450000000000003        3.3760597072502773E-003   5.3338662016239775E-002
   39.500000000000000        3.3984108513943037E-003   5.3329629300177712E-002
   39.550000000000004        3.4209835106263279E-003   5.3320538230351218E-002
   39.600000000000001        3.4437806111333024E-003   5.3311388242773317E-002
   39.650000000000006        3.4668051274101956E-003   5.3302178766195842E-002
   39.700000000000003        3.4900600831984647E-003   5.3292909221992618E-002
   39.750000000000000        3.5135485526421139E-003   5.3283579024041600E-002
   39.800000000000004        3.5372736610699020E-003   5.3274187578601750E-002
   39.850000000000001        3.5612385862590669E-003   5.3264734284191220E-002
   39.900000000000006        3.5854465592481161E-003   5.3255218531459009E-002
   39.950000000000003        3.6099008656770982E-003   5.3245639703058678E-002
   40.000000000000000        3.6346048465607148E-003   5.3235997173514300E-002
   40.050000000000004        3.6595618997275073E-003   5.3226290309089291E-002
   40.100000000000001        3.6847754807889971E-003   5.3216518467648646E-002
   40.150000000000006        3.7102491044074528E-003   5.3206680998520266E-002
   40.200000000000003        3.7359863453957760E-003   5.3196777242352174E-002
   40.250000000000000        3.7619908402114774E-003   5.3186806530970174E-002
   40.300000000000004        3.7882662879780136E-003   5.3176768187227864E-002
   40.350000000000001        3.8148164517929064E-003   5.3166661524856162E-002
   40.400000000000006        3.8416451602451170E-003   5.3156485848311417E-002
   40.450000000000003        3.8687563085695025E-003   5.3146240452616789E-002
   40.500000000000000        3.8961538602174002E-003   5.3135924623203844E-002
   40.550000000000004        3.9238418482765870E-003   5.3125537635749204E-002
   40.600000000000001        3.9518243767127179E-003   5.3115078756006268E-002
   40.650000000000006        3.9801056221926145E-003   5.3104547239637936E-002
   40.700000000000003        4.0086898353463764E-003   5.3093942332040900E-002
   40.750000000000000        4.0375813425684364E-003   5.3083263268170602E-002
   40.800000000000004        4.0667845475157432E-003   5.3072509272359437E-002
   40.850000000000001        4.0963039327484609E-003   5.3061679558132319E-002
   40.900000000000006        4.1261440615066088E-003   5.3050773328019128E-002
   40.950000000000003        4.1563095794892851E-003   5.3039789773362767E-002
   41.000000000000000        4.1868052164841007E-003   5.3028728074121532E-002
   41.050000000000004        4.2176357884314850E-003   5.3017587398670948E-002
   41.100000000000001        4.2488061989147379E-003   5.3006366903595656E-002
   41.150000000000006        4.2803214415730265E-003   5.2995065733484899E-002
   41.200000000000003        4.3121866017003388E-003   5.2983683020715759E-002
   41.250000000000000        4.3444068586058517E-003   5.2972217885238163E-002
   41.300000000000004        4.3769874873019129E-003   5.2960669434348795E-002
   41.350000000000001        4.4099338608510159E-003   5.2949036762465901E-002
   41.400000000000006        4.4432514527077702E-003   5.2937318950897996E-002
   41.450000000000003        4.4769458386570262E-003   5.2925515067604033E-002
   41.500000000000000        4.5110226994862666E-003   5.2913624166954103E-002
   41.550000000000004        4.5454878228517615E-003   5.2901645289477217E-002
   41.600000000000001        4.5803471061115495E-003   5.2889577461611888E-002
   41.650000000000006        4.6156065589056028E-003   5.2877419695447923E-002
   41.700000000000003        4.6512723052145174E-003   5.2865170988457673E-002
   41.750000000000000        4.6873505864791672E-003   5.2852830323230023E-002
   41.800000000000004        4.7238477639827033E-003   5.2840396667191383E-002
   41.850000000000001        4.7607703217396784E-003   5.2827868972324200E-002
   41.900000000000006        4.7981248695355165E-003   5.2815246174879947E-002
   41.950000000000003        4.8359181455572223E-003   5.2802527195081148E-002
   42.000000000000000        4.8741570194407594E-003   5.2789710936819799E-002
   42.050000000000004        4.9128484954445500E-003   5.2776796287349680E-002
   42.100000000000001        4.9519997157963635E-003   5.2763782116971941E-002
   42.150000000000006        4.9916179634804268E-003   5.2750667278707856E-002
   42.200000000000003        5.0317106659902968E-003   5.2737450607972393E-002
   42.250000000000000        5.0722853985478719E-003   5.2724130922234158E-002
   42.300000000000004        5.1133498879214635E-003   5.2710707020672098E-002
   42.350000000000001        5.1549120156671093E-003   5.2697177683818354E-002
   42.400000000000006        5.1969798222741004E-003   5.2683541673199843E-002
   42.450000000000003        5.2395615105907600E-003   5.2669797730964224E-002
   42.500000000000000        5.2826654500491774E-003   5.2655944579503407E-002
   42.550000000000004        5.3263001808407807E-003   5.2641980921066409E-002
   42.600000000000001        5.3704744176986344E-003   5.2627905437358680E-002
   42.650000000000006        5.4151970546265794E-003   5.2613716789139578E-002
   42.700000000000003        5.4604771689518647E-003   5.2599413615802733E-002
   42.750000000000000        5.5063240260482893E-003   5.2584994534951600E-002
   42.800000000000004        5.5527470842256848E-003   5.2570458141964836E-002
   42.850000000000001        5.5997559990956037E-003   5.2555803009545585E-002
   42.900000000000006        5.6473606289557396E-003   5.2541027687267559E-002
   42.950000000000003        5.6955710397755734E-003   5.2526130701105171E-002
   43.000000000000000        5.7443975102317883E-003   5.2511110552951511E-002
   43.050000000000004        5.7938505373662649E-003   5.2495965720128782E-002
   43.100000000000001        5.8439408421288646E-003   5.2480694654884037E-002
   43.150000000000006        5.8946793749464679E-003   5.2465295783871421E-002
   43.200000000000003        5.9460773219293358E-003   5.2449767507625554E-002
   43.250000000000000        5.9981461108020856E-003   5.2434108200017891E-002
   43.300000000000004        6.0508974170352904E-003   5.2418316207699753E-002
   43.350000000000001        6.1043431706323502E-003   5.2402389849535450E-002
   43.400000000000006        6.1584955625236327E-003   5.2386327416015947E-002
   43.450000000000003        6.2133670515444319E-003   5.2370127168660935E-002
   43.500000000000000        6.2689703714236883E-003   5.2353787339404496E-002
   43.550000000000004        6.3253185383875662E-003   5.2337306129967905E-002
   43.600000000000001        6.3824248582560490E-003   5.2320681711210189E-002
   43.650000000000006        6.4403029345893089E-003   5.2303912222469516E-002
   43.700000000000003        6.4989666764567536E-003   5.2286995770881611E-002
   43.750000000000000        6.5584303066030924E-003   5.2269930430682315E-002
   43.800000000000004        6.6187083702892811E-003   5.2252714242495349E-002
   43.850000000000001        6.6798157437757220E-003   5.2235345212596131E-002
   43.900000000000006        6.7417676436492711E-003   5.2217821312160892E-002
   43.950000000000003        6.8045796360081626E-003   5.2200140476492608E-002
   44.000000000000000        6.8682676460262299E-003   5.2182300604227003E-002
   44.050000000000004        6.9328479683312544E-003   5.2164299556521833E-002
   44.100000000000001        6.9983372769103699E-003   5.2146135156217424E-002
   44.150000000000006        7.0647526356552503E-003   5.2127805186977648E-002
   44.200000000000003        7.1321115099033166E-003   5.2109307392413533E-002
   44.250000000000000        7.2004317771933602E-003   5.2090639475172534E-002
   44.300000000000004        7.2697317393869880E-003   5.2071799096012256E-002
   44.350000000000001        7.3400301345395496E-003   5.2052783872843157E-002
   44.400000000000006        7.4113461494380393E-003   5.2033591379747349E-002
   44.450000000000003        7.4836994326738602E-003   5.2014219145971478E-002
   44.500000000000000        7.5571101079446737E-003   5.1994664654889652E-002
   44.550000000000004        7.6315987878080235E-003   5.1974925342937732E-002
   44.600000000000001        7.7071865877672389E-003   5.1954998598517058E-002
   44.650000000000006        7.7838951417364037E-003   5.1934881760874602E-002
   44.700000000000003        7.8617466168012743E-003   5.1914572118941113E-002
   44.750000000000000        7.9407637288871798E-003   5.1894066910140021E-002
   44.800000000000004        8.0209697596300908E-003   5.1873363319167996E-002
   44.850000000000001        8.1023885729072809E-003   5.1852458476732838E-002
   44.900000000000006        8.1850446326832433E-003   5.1831349458261108E-002
   44.950000000000003        8.2689630208204988E-003   5.1810033282563395E-002
   45.000000000000000        8.3541694563416969E-003   5.1788506910467387E-002
   45.050000000000004        8.4406903142264355E-003   5.1766767243401700E-002
   45.100000000000001        8.5285526464782425E-003   5.1744811121951777E-002
   45.150000000000006        8.6177842019077976E-003   5.1722635324355809E-002
   45.200000000000003        8.7084134489450824E-003   5.1700236564976659E-002
   45.250000000000000        8.8004695970949620E-003   5.1677611492708497E-002
   45.300000000000004        8.8939826205162789E-003   5.1654756689349088E-002
   45.350000000000001        8.9889832823772855E-003   5.1631668667921356E-002
   45.400000000000006        9.0855031598891470E-003   5.1608343870942583E-002
   45.450000000000003        9.1835746695145062E-003   5.1584778668635187E-002
   45.500000000000000        9.2832310946028146E-003   5.1560969357095858E-002
   45.550000000000004        9.3845066128545995E-003   5.1536912156398218E-002
   45.600000000000001        9.4874363254200591E-003   5.1512603208642593E-002
   45.650000000000006        9.5920562870424574E-003   5.1488038575944577E-002
   45.700000000000003        9.6984035371853912E-003   5.1463214238360339E-002
   45.750000000000000        9.8065161321896719E-003   5.1438126091745535E-002
   45.800000000000004        9.9164331792537079E-003   5.1412769945552259E-002
   45.850000000000001        1.0028194871204254E-002   5.1387141520552168E-002
   45.900000000000006        1.0141842522465203E-002   5.1361236446485992E-002
   45.950000000000003        1.0257418607428948E-002   5.1335050259647116E-002
   46.000000000000000        1.0374966799255422E-002   5.1308578400378071E-002
   46.050000000000004        1.0494532010715983E-002   5.1281816210490869E-002
   46.100000000000001        1.0616160436337185E-002   5.1254758930601781E-002
   46.150000000000006        1.0739899596857824E-002   5.1227401697384427E-002
   46.200000000000003        1.0865798384806573E-002   5.1199739540727235E-002
   46.250000000000000        1.0993907112524270E-002   5.1171767380802605E-002
   46.300000000000004        1.1124277561217592E-002   5.1143480025031877E-002
   46.350000000000001        1.1256963033311258E-002   5.1114872164959975E-002
   46.400000000000006        1.1392018406065949E-002   5.1085938373018260E-002
   46.450000000000003        1.1529500187255744E-002   5.1056673099177122E-002
   46.500000000000000        1.1669466573949119E-002   5.1027070667492722E-002
   46.550000000000004        1.1811977513454820E-002   5.0997125272533507E-002
   46.600000000000001        1.1957094766400644E-002   5.0966830975680812E-002
   46.650000000000006        1.2104881973027875E-002   5.0936181701307585E-002
   46.700000000000003        1.2255404721955696E-002   5.0905171232821796E-002
   46.750000000000000        1.2408730622255674E-002   5.0873793208575352E-002
   46.800000000000004        1.2564929378368974E-002   5.0842041117628474E-002
   46.850000000000001        1.2724072868592468E-002   5.0809908295366975E-002
   46.900000000000006        1.2886235226211138E-002   5.0777387918958784E-002
   46.950000000000003        1.3051492925773071E-002   5.0744473002661876E-002
   47.000000000000000        1.3219924871036379E-002   5.0711156392946724E-002
   47.050000000000004        1.3391612488735430E-002   5.0677430763459416E-002
   47.100000000000001        1.3566639825909764E-002   5.0643288609796631E-002
   47.150000000000006        1.3745093650998619E-002   5.0608722244085781E-002
   47.200000000000003        1.3927063560770418E-002   5.0573723789377266E-002
   47.250000000000000        1.4112642090797873E-002   5.0538285173818594E-002
   47.300000000000004        1.4301924832061566E-002   5.0502398124621740E-002
   47.350000000000001        1.4495010552446244E-002   5.0466054161801568E-002
   47.400000000000006        1.4692001324775187E-002   5.0429244591686365E-002
   47.450000000000003        1.4893002659200162E-002   5.0391960500169482E-002
   47.500000000000000        1.5098123642949589E-002   5.0354192745714975E-002
   47.550000000000004        1.5307477087375133E-002   5.0315931952100636E-002
   47.600000000000001        1.5521179680550327E-002   5.0277168500869933E-002
   47.650000000000006        1.5739352148267580E-002   5.0237892523500298E-002
   47.700000000000003        1.5962119422728984E-002   5.0198093893266002E-002
   47.750000000000000        1.6189610818970773E-002   5.0157762216777417E-002
   47.800000000000004        1.6421960220607285E-002   5.0116886825192532E-002
   47.850000000000001        1.6659306275007505E-002   5.0075456765080809E-002
   47.900000000000006        1.6901792597240464E-002   5.0033460788913978E-002
   47.950000000000003        1.7149567985167997E-002   4.9990887345182158E-002
   48.000000000000000        1.7402786644921463E-002   4.9947724568105555E-002
   48.050000000000004        1.7661608428529017E-002   4.9903960266932286E-002
   48.100000000000001        1.7926199083316843E-002   4.9859581914793276E-002
   48.150000000000006        1.8196730514200187E-002   4.9814576637096805E-002
   48.200000000000003        1.8473381060108814E-002   4.9768931199444352E-002
   48.250000000000000        1.8756335784632698E-002   4.9722631995037417E-002
   48.300000000000004        1.9045786782177866E-002   4.9675665031555100E-002
   48.350000000000001        1.9341933500866149E-002   4.9628015917477460E-002
   48.400000000000006        1.9644983081777066E-002   4.9579669847816296E-002
   48.450000000000003        1.9955150718272831E-002   4.9530611589245155E-002
   48.500000000000000        2.0272660033256069E-002   4.9480825464571124E-002
   48.550000000000004        2.0597743478406576E-002   4.9430295336538685E-002
   48.600000000000001        2.0930642755552186E-002   4.9379004590921191E-002
   48.650000000000006        2.1271609261087242E-002   4.9326936118858425E-002
   48.700000000000003        2.1620904556225094E-002   4.9274072298413185E-002
   48.750000000000000        2.1978800863379989E-002   4.9220394975293458E-002
   48.800000000000004        2.2345581590943395E-002   4.9165885442701729E-002
   48.850000000000001        2.2721541889880764E-002   4.9110524420277343E-002
   48.900000000000006        2.3106989241473544E-002   4.9054292032059625E-002
   48.950000000000003        2.3502244079653810E-002   4.8997167783431668E-002
   49.000000000000000        2.3907640451479324E-002   4.8939130536998478E-002
   49.050000000000004        2.4323526715908785E-002   4.8880158487320892E-002
   49.100000000000001        2.4750266285393202E-002   4.8820229134457958E-002
   49.150000000000006        2.5188238413601509E-002   4.8759319256254319E-002
   49.200000000000003        2.5637839029305966E-002   4.8697404879275340E-002
   49.250000000000000        2.6099481624862336E-002   4.8634461248357144E-002
   49.300000000000004        2.6573598197675012E-002   4.8570462794645941E-002
   49.350000000000001        2.7060640253371293E-002   4.8505383102082154E-002
   49.400000000000006        2.7561079872262736E-002   4.8439194872212980E-002
   49.450000000000003        2.8075410842343444E-002   4.8371869887227220E-002
   49.500000000000000        2.8604149870242471E-002   4.8303378971159196E-002
   49.550000000000004        2.9147837867160516E-002   4.8233691949080948E-002
   49.600000000000001        2.9707041323728468E-002   4.8162777604231322E-002
   49.650000000000006        3.0282353773802829E-002   4.8090603632900505E-002
   49.700000000000003        3.0874397358973318E-002   4.8017136596975381E-002
   49.750000000000000        3.1483824498747336E-002   4.7942341873978014E-002
   49.800000000000004        3.2111319676367128E-002   4.7866183604455312E-002
   49.850000000000001        3.2757601348244569E-002   4.7788624636545048E-002
   49.900000000000006        3.3423423988399668E-002   4.7709626467552453E-002
   49.950000000000003        3.4109580277035076E-002   4.7629149182332214E-002
   50.000000000000000        3.4816903446874679E-002   4.7547151388286274E-002
   50.050000000000004        3.5546269798985494E-002   4.7463590146747767E-002
   50.100000000000001        3.6298601403249975E-002   4.7378420900522508E-002
   50.150000000000006        3.7074868998416902E-002   4.7291597397329355E-002
   50.200000000000003        3.7876095109100331E-002   4.7203071608869912E-002
   50.250000000000000        3.8703357399332373E-002   4.7112793645239459E-002
   50.300000000000004        3.9557792282131854E-002   4.7020711664354536E-002
   50.350000000000001        4.0440598806955282E-002   4.6926771776049876E-002
   50.400000000000006        4.1353042854740563E-002   4.6830917940514263E-002
   50.450000000000003        4.2296461660709050E-002   4.6733091860609692E-002
   50.500000000000000        4.3272268701987963E-002   4.6633232867699013E-002
   50.550000000000004        4.4281958980451716E-002   4.6531277800492522E-002
   50.600000000000001        4.5327114738865595E-002   4.6427160876418808E-002
   50.650000000000006        4.6409411650109221E-002   4.6320813554967082E-002
   50.700000000000003        4.7530625527236955E-002   4.6212164392429499E-002
   50.750000000000000        4.8692639603316573E-002   4.6101138887391931E-002
   50.800000000000004        4.9897452438769689E-002   4.5987659316291084E-002
   50.850000000000001        5.1147186517513717E-002   4.5871644558275720E-002
   50.900000000000006        5.2444097601708317E-002   4.5753009908554014E-002
   50.950000000000003        5.3790584924672168E-002   4.5631666879349844E-002
   51.000000000000000        5.5189202307553413E-002   4.5507522987485179E-002
   51.050000000000004        5.6642670295989822E-002   4.5380481527525433E-002
   51.100000000000001        5.8153889428342272E-002   4.5250441329350057E-002
   51.150000000000006        5.9725954758060112E-002   4.5117296498889264E-002
   51.200000000000003        6.1362171762753152E-002   4.4980936140609627E-002
   51.250000000000000        6.3066073802427777E-002   4.4841244060297325E-002
   51.300000000000004        6.4841441296776200E-002   4.4698098446446448E-002
   51.350000000000001        6.6692322816801375E-002   4.4551371528426260E-002
   51.400000000000006        6.8623058322245759E-002   4.4400929209495357E-002
   51.450000000000003        7.0638304788287420E-002   4.4246630672400082E-002
   51.500000000000000        7.2743064515749911E-002   4.4088327955200568E-002
   51.550000000000004        7.4942716447796306E-002   4.3925865494639324E-002
   51.600000000000001        7.7243050870323002E-002   4.3759079634154027E-002
   51.650000000000006        7.9650307915242261E-002   4.3587798093253631E-002
   51.700000000000003        8.2171220360878580E-002   4.3411839394730416E-002
   51.750000000000000        8.4813061284459701E-002   4.3231012245715628E-002
   51.800000000000004        8.7583697212345671E-002   4.3045114868211352E-002
   51.850000000000001        9.0491647506426992E-002   4.2853934274203857E-002
   51.900000000000006        9.3546150842996362E-002   4.2657245479949257E-002
   51.950000000000003        9.6757239775625434E-002   4.2454810653403757E-002
   52.000000000000000       0.10013582453251516        4.2246378188080948E-002
   52.050000000000004       0.10369378739001567        4.2031681695848803E-002
   52.100000000000001       0.10744408917366205        4.1810438910200226E-002
   52.150000000000006       0.11140088972970240        4.1582350490708193E-002
   52.200000000000003       0.11557968450326231        4.1347098718054622E-002
   52.250000000000000       0.11999745975774979        4.1104346067855277E-002
   52.300000000000004       0.12467286940970329        4.0853733649897070E-002
   52.350000000000001       0.12962643702451604        4.0594879497852267E-002
   52.400000000000006       0.13488078717641103        4.0327376692525202E-002
   52.450000000000003       0.14046091118431681        4.0050791299456545E-002
   52.500000000000000       0.14639447323185786        3.9764660099208732E-002
   52.550000000000004       0.15271216409970961        3.9468488085781801E-002
   52.600000000000001       0.15944811121889876        3.9161745705150790E-002
   52.650000000000006       0.16664035560492360        3.8843865802094542E-002
   52.700000000000003       0.17433140854715165        3.8514240239149490E-002
   52.750000000000000       0.18256890375462850        3.8172216146127681E-002
   52.800000000000004       0.19140636428229130        3.7817091752902973E-002
   52.850000000000001       0.20090410808065598        3.7448111751215568E-002
   52.900000000000006       0.21113032174687349        3.7064462123242034E-002
   52.950000000000003       0.22216233940616092        3.6665264365674438E-002
   53.000000000000000       0.23408817301636009        3.6249569027259586E-002
   53.050000000000004       0.24700835255275991        3.5816348465834376E-002
   53.100000000000001       0.26103815026844762        3.5364488716881810E-002
   53.150000000000006       0.27631028386131840        3.4892780350087575E-002
   53.200000000000003       0.29297822050446454        3.4399908172719991E-002
   53.250000000000000       0.31122023973201074        3.3884439619667861E-002
   53.300000000000004       0.33124446123764528        3.3344811649517726E-002
   53.350000000000001       0.35329510841182543        3.2779315946135326E-002
   53.400000000000006       0.37766036613475706        3.2186082207161890E-002
   53.450000000000003       0.40468231116439046        3.1563059289944427E-002
   53.500000000000000       0.43476955805608519        3.0907993988269454E-002
   53.550000000000004       0.46841349117320663        3.0218407243998730E-002
   53.600000000000001       0.50620926938176458        2.9491567679174800E-002
   53.650000000000006       0.54888322981192295        2.8724462508529305E-002
   53.700000000000003       0.59732892727178688        2.7913766231808194E-002
   53.750000000000000       0.65265488407605987        2.7055808143258146E-002
   53.800000000000004       0.71624824644217289        2.6146540869426978E-002
   53.850000000000001       0.78985995749059090        2.5181514300259274E-002
   53.900000000000006       0.87571858828574434        2.4155863245629672E-002
   53.950000000000003       0.97668086457187042        2.3064324540895180E-002
   54.000000000000000        1.0964247438745078        2.1901313319219923E-002
