   5.0999999999999996        1.8000000000000000E-009   5.2563124994443777     
   5.1500000000000004        1.7971753670607012E-009   5.5257642011540398     
   5.2000000000000002        1.7943527318428886E-009   5.8090286444456636     
   5.2500000000000000        1.7915326091102595E-009   6.1068138957392675     
   5.2999999999999998        1.7887145067784212E-009   6.4198643184396653     
   5.3499999999999996        1.7858987571471282E-009   6.7489624335469127     
   5.4000000000000004        1.7830850391436734E-009   7.0949308756464911     
   5.4500000000000002        1.7802736941729122E-009   7.4586344491679961     
   5.5000000000000000        1.7774645999353201E-009   7.8409822900520414     
   5.5499999999999998        1.7746577102919045E-009   8.2429301382284415     
   5.5999999999999996        1.7718530493059183E-009   8.6654827265857435     
   5.6500000000000004        1.7690506033711235E-009   9.1096962924033402     
   5.7000000000000002        1.7662503592993988E-009   9.5766812175236282     
   5.7500000000000000        1.7634524599922724E-009   10.067604803863327     
   5.7999999999999998        1.7606566260981459E-009   10.583694191201349     
   5.8499999999999996        1.7578632080333775E-009   11.126239424536456     
   5.9000000000000004        1.7550718409454047E-009   11.696596678681582     
   5.9500000000000002        1.7522827167394089E-009   12.296191648154695     
   6.0000000000000000        1.7494959302830869E-009   12.926523110839469     
   6.0499999999999998        1.7467114096828355E-009   13.589166674323225     
   6.0999999999999996        1.7439289822950376E-009   14.285778714276244     
   6.1500000000000004        1.7411487352914742E-009   15.018100514716252     
   6.2000000000000002        1.7383708660235703E-009   15.787962620507390     
   6.2500000000000000        1.7355951294797440E-009   16.597289412972113     
   6.2999999999999998        1.7328217409363105E-009   17.448103920053654     
   6.3499999999999996        1.7300505425623100E-009   18.342532873051599     
   6.4000000000000004        1.7272815041625744E-009   19.282812022570077     
   6.4500000000000002        1.7245147692631142E-009   20.271291726966446     
   6.5000000000000000        1.7217501862544741E-009   21.310442827268105     
   6.5499999999999998        1.7189879780589444E-009   22.402862823242742     
   6.5999999999999996        1.7162278770679496E-009   23.551282366058398     
   6.6500000000000004        1.7134699012584747E-009   24.758572083762633     
   6.7000000000000002        1.7107142930939862E-009   26.027749756640841     
   6.7500000000000000        1.7079609369189053E-009   27.361987860388474     
   6.7999999999999998        1.7052098253063440E-009   28.764621495951740     
   6.8499999999999996        1.7024607974891389E-009   30.239156725857594     
   6.9000000000000004        1.6997141233188044E-009   31.789279337869345     
   6.9500000000000002        1.6969697490745027E-009   33.418864057873044     
   7.0000000000000000        1.6942273760808149E-009   35.131984235022372     
   7.0500000000000007        1.6914873596483667E-009   36.932922023349882     
   7.0999999999999996        1.6887495930903410E-009   38.826179085293894     
   7.1500000000000004        1.6860140472089130E-009   40.816487843894222     
   7.2000000000000002        1.6832806715328334E-009   42.908823311781894     
   7.2500000000000000        1.6805495934113470E-009   45.108415526529271     
   7.3000000000000007        1.6778206499294755E-009   47.420762623442400     
   7.3499999999999996        1.6750941193183753E-009   49.851644578472325     
   7.4000000000000004        1.6723697089182074E-009   52.407137655593893     
   7.4500000000000002        1.6696474644358478E-009   55.093629594763946     
   7.5000000000000000        1.6669276267488269E-009   57.917835578421887     
   7.5500000000000007        1.6642098472017983E-009   60.886815016439606     
   7.5999999999999996        1.6614943830403806E-009   64.007989191474778     
   7.6500000000000004        1.6587810816475713E-009   67.289159808832679     
   7.7000000000000002        1.6560700231831560E-009   70.738528497200420     
   7.7500000000000000        1.6533612653983209E-009   74.364717308996404     
   7.8000000000000007        1.6506546510147247E-009   78.176790271574788     
   7.8499999999999996        1.6479503574850374E-009   82.184276043151144     
   7.9000000000000004        1.6452481861859224E-009   86.397191730079157     
   7.9500000000000002        1.6425483022576666E-009   90.826067925007209     
   8.0000000000000000        1.6398505978386408E-009   95.481975028497487     
   8.0500000000000007        1.6371552706635401E-009   100.37655091989946     
   8.0999999999999996        1.6344620471202563E-009   105.52203004663691     
   8.1500000000000004        1.6317711183497319E-009   110.93127400462105     
   8.1999999999999993        1.6290822465862552E-009   116.61780368621879     
   8.2500000000000000        1.6263957799344328E-009   122.59583307613509     
   8.3000000000000007        1.6237114663044293E-009   128.88030477967555     
   8.3499999999999996        1.6210294181490697E-009   135.48692737219361     
   8.4000000000000004        1.6183495958794910E-009   142.43221466307693     
   8.4499999999999993        1.6156720033136221E-009   149.73352697240807     
   8.5000000000000000        1.6129967075955491E-009   157.40911452347274     
   8.5500000000000007        1.6103234419571495E-009   165.47816305956891     
   8.5999999999999996        1.6076524845447239E-009   173.96084179913984     
   8.6500000000000004        1.6049839290913410E-009   182.87835384908652     
   8.6999999999999993        1.6023174406446529E-009   192.25298920226828     
   8.7500000000000000        1.5996532086586681E-009   202.10818045165607     
   8.8000000000000007        1.5969911827910988E-009   212.46856136039213     
   8.8499999999999996        1.5943314055946630E-009   223.36002843414877     
   8.9000000000000004        1.5916739072391650E-009   234.80980564968465     
   8.9499999999999993        1.5890185683085738E-009   246.84651250138052     
   9.0000000000000000        1.5863654808116312E-009   259.50023553583389     
   9.0500000000000007        1.5837146415385749E-009   272.80260355331302     
   9.1000000000000014        1.5810659909083100E-009   286.78686666402541     
   9.1500000000000004        1.5784196341267660E-009   301.48797939679764     
   9.1999999999999993        1.5757754039040037E-009   316.94268806789660     
   9.2500000000000000        1.5731335676847576E-009   333.18962262835754     
   9.3000000000000007        1.5704938416221497E-009   350.26939321938750     
   9.3500000000000014        1.5678562334589516E-009   368.22469167718168     
   9.4000000000000004        1.5652210969277214E-009   387.10039824084623     
   9.4499999999999993        1.5625880888617269E-009   406.94369373014729     
   9.5000000000000000        1.5599572196245184E-009   427.80417747345689     
   9.5500000000000007        1.5573287355579038E-009   449.73399128065245     
   9.6000000000000014        1.5547023089302904E-009   472.78794977082651     
   9.6500000000000004        1.5520782518105746E-009   497.02367738054943     
   9.6999999999999993        1.5494564167081342E-009   522.50175239513408     
   9.7500000000000000        1.5468366881752616E-009   549.28585836288221     
   9.8000000000000007        1.5442193032679382E-009   577.44294327076909     
   9.8500000000000014        1.5416040578107509E-009   607.04338687940424     
   9.9000000000000004        1.5389911984286913E-009   638.16117663551677     
   9.9499999999999993        1.5363804569769876E-009   670.87409260163065     
   10.000000000000000        1.5337719483600176E-009   705.26390186514664     
   10.050000000000001        1.5311657428905564E-009   741.41656291274535     
   10.100000000000001        1.5285617109981552E-009   779.42244048090549     
   10.150000000000000        1.5259596766116511E-009   819.37653141956048     
   10.199999999999999        1.5233602078254233E-009   861.37870213339079     
   10.250000000000000        1.5207628643615647E-009   905.53393819422524     
   10.300000000000001        1.5181677377366182E-009   951.95260674842962     
   10.350000000000001        1.5155748270030686E-009   1000.7507323751347     
   10.400000000000000        1.5129840456819544E-009   1052.0502870847799     
   10.449999999999999        1.5103956889010365E-009   1105.9794951828021     
   10.500000000000000        1.5078093974445810E-009   1162.6731537604237     
   10.550000000000001        1.5052254459597711E-009   1222.2729696135927     
   10.600000000000001        1.5026436926739325E-009   1284.9279134321212     
   10.650000000000000        1.5000640898889993E-009   1350.7945921443295     
   10.699999999999999        1.4974868515486558E-009   1420.0376403477799     
   10.750000000000000        1.4949117408558878E-009   1492.8301318044457     
   10.800000000000001        1.4923388871037121E-009   1569.3540120288108     
   10.850000000000001        1.4897682899516996E-009   1649.8005530500736     
   10.900000000000000        1.4871999731413851E-009   1734.3708314850817     
   10.949999999999999        1.4846336576557423E-009   1823.2762311168804     
   11.000000000000000        1.4820697795044827E-009   1916.7389712349975     
   11.050000000000001        1.4795080993647116E-009   2014.9926620579929     
   11.100000000000001        1.4769485888194645E-009   2118.2828886264047     
   11.150000000000000        1.4743913772722345E-009   2226.8678246255818     
   11.199999999999999        1.4718363731134821E-009   2341.0188776724285     
   11.250000000000000        1.4692835576816366E-009   2461.0213676789335     
   11.300000000000001        1.4667330450398784E-009   2587.1752399879347     
   11.350000000000001        1.4641846437847326E-009   2719.7958150634945     
   11.400000000000000        1.4616385764913668E-009   2859.2145766096291     
   11.449999999999999        1.4590946108122033E-009   3005.7800000871603     
   11.500000000000000        1.4565530396432277E-009   3159.8584236994257     
   11.550000000000001        1.4540135871569694E-009   3321.8349640238102     
   11.600000000000001        1.4514764325301148E-009   3492.1144785774327     
   11.650000000000000        1.4489414291632985E-009   3671.1225777229142     
   11.699999999999999        1.4464087347317044E-009   3859.3066884432365     
   11.750000000000000        1.4438781652194431E-009   4057.1371726444158     
   11.800000000000001        1.4413499760322842E-009   4265.1085027810223     
   11.850000000000001        1.4388238818470996E-009   4483.7404977428105     
   11.900000000000000        1.4362999318769985E-009   4713.5796220913771     
   11.949999999999999        1.4337784466197944E-009   4955.2003518939637     
   12.000000000000000        1.4312590154456023E-009   5209.2066105682115     
   12.050000000000001        1.4287419032011788E-009   5476.2332783263473     
   12.100000000000001        1.4262269539266646E-009   5756.9477789914627     
   12.150000000000000        1.4237144235585170E-009   6052.0517481518791     
   12.199999999999999        1.4212038991284339E-009   6362.2827868227441     
   12.250000000000000        1.4186956137342895E-009   6688.4163049978788     
   12.300000000000001        1.4161896751935401E-009   7031.2674596994175     
   12.350000000000001        1.4136859473931277E-009   7391.6931923690681     
   12.400000000000000        1.4111843763104053E-009   7770.5943706930930     
   12.449999999999999        1.4086850670310023E-009   8168.9180402139791     
   12.500000000000000        1.4061879141718338E-009   8587.6597913562837     
   12.550000000000001        1.4036931287153505E-009   9027.8662477825983     
   12.600000000000001        1.4012004094755973E-009   9490.6376822987440     
   12.650000000000000        1.3987100691133243E-009   9977.1307668461850     
   12.699999999999999        1.3962218912084438E-009   10488.561463454451     
   12.750000000000000        1.3937359157135373E-009   11026.208063379179     
   12.800000000000001        1.3912522079930800E-009   11591.414382021421     
   12.850000000000001        1.3887707342336110E-009   12185.593117612925     
   12.900000000000000        1.3862914137075462E-009   12810.229382062113     
   12.949999999999999        1.3838143816530366E-009   13466.884412785088     
   13.000000000000000        1.3813395452605582E-009   14157.199474798501     
   13.050000000000001        1.3788669949282654E-009   14882.899962826941     
   13.100000000000000        1.3763966300400957E-009   15645.799713676850     
   13.150000000000000        1.3739285343985950E-009   16447.805539655150     
   13.200000000000001        1.3714627099154824E-009   17290.921994362165     
   13.250000000000000        1.3689989918946487E-009   18177.256382770509     
   13.300000000000001        1.3665375306539263E-009   19109.024028111369     
   13.350000000000000        1.3640783157209323E-009   20088.553808730463     
   13.400000000000000        1.3616213111317935E-009   21118.293978753703     
   13.450000000000001        1.3591666006642224E-009   22200.818287107839     
   13.500000000000000        1.3567141084580233E-009   23338.832410190465     
   13.550000000000001        1.3542637091518750E-009   24535.180714265727     
   13.600000000000000        1.3518157049669829E-009   25792.853364486473     
   13.650000000000000        1.3493698537899730E-009   27114.993798310908     
   13.700000000000001        1.3469262416793775E-009   28504.906581990279     
   13.750000000000000        1.3444848270008581E-009   29966.065669764095     
   13.800000000000001        1.3420456526959797E-009   31502.123086404215     
   13.850000000000000        1.3396087010712077E-009   33116.918054807284     
   13.900000000000000        1.3371741046410307E-009   34814.486591447996     
   13.950000000000001        1.3347415302206042E-009   36599.071593673580     
   14.000000000000000        1.3323112711649689E-009   38475.133444051600     
   14.050000000000001        1.3298833368819267E-009   40447.361158272251     
   14.100000000000000        1.3274574830448295E-009   42520.684104466505     
   14.150000000000000        1.3250339349592572E-009   44700.284323230735     
   14.200000000000001        1.3226126217570213E-009   46991.609479145663     
   14.250000000000000        1.3201934266932813E-009   49400.386476161351     
   14.300000000000001        1.3177765943965271E-009   51932.635770874258     
   14.350000000000000        1.3153619236713526E-009   54594.686419467296     
   14.400000000000000        1.3129495129187849E-009   57393.191895922042     
   14.450000000000001        1.3105392612808972E-009   60335.146721031808     
   14.500000000000000        1.3081313643538769E-009   63427.903943777790     
   14.550000000000001        1.3057256010087778E-009   66679.193518757456     
   14.600000000000001        1.3033220199615131E-009   70097.141625592878     
   14.650000000000000        1.3009207421180684E-009   73690.290978602803     
   14.700000000000001        1.2985216831138151E-009   77467.622177497731     
   14.750000000000000        1.2961247863098746E-009   81438.576152454320     
   14.800000000000001        1.2937302190687671E-009   85613.077759667387     
   14.850000000000001        1.2913378192381785E-009   90001.560586346284     
   14.900000000000000        1.2889477062772370E-009   94614.993027149641     
   14.950000000000001        1.2865597765578382E-009   99464.905697228751     
   15.000000000000000        1.2841740656578716E-009   104563.42025038738     
   15.050000000000001        1.2817906343896648E-009   109923.27967438288     
   15.100000000000001        1.2794093425564439E-009   115557.88013907959     
   15.150000000000000        1.2770303729114492E-009   121481.30447704984     
   15.200000000000001        1.2746534876165065E-009   127708.35738029727     
   15.250000000000000        1.2722789701613412E-009   134254.60240106061     
   15.300000000000001        1.2699066595269846E-009   141136.40084917721     
   15.350000000000001        1.2675365344083160E-009   148370.95268320732     
   15.400000000000000        1.2651686312195911E-009   155976.33949752245     
   15.450000000000001        1.2628029672929303E-009   163971.56971278175     
   15.500000000000000        1.2604395575805589E-009   172376.62608274000     
   15.550000000000001        1.2580783548883625E-009   181212.51563610911     
   15.600000000000001        1.2557194360585500E-009   190501.32217829101     
   15.650000000000000        1.2533626201504168E-009   200266.26148418535     
   15.700000000000001        1.2510082155862041E-009   210531.73932001539     
   15.750000000000000        1.2486559248692497E-009   221323.41243916698     
   15.800000000000001        1.2463057318503389E-009   232668.25270448512     
   15.850000000000001        1.2439579372885624E-009   244594.61449727698     
   15.900000000000000        1.2416123132577547E-009   257132.30558148326     
   15.950000000000001        1.2392689257090707E-009   270312.66160012322     
   16.000000000000000        1.2369278415339904E-009   284168.62439017900     
   16.050000000000001        1.2345888899695889E-009   298734.82431165111     
   16.100000000000001        1.2322521940214091E-009   314047.66679652641     
   16.149999999999999        1.2299177018155050E-009   330145.42333395692     
   16.200000000000003        1.2275854633964633E-009   347068.32711903646     
   16.250000000000000        1.2252553938894244E-009   364858.67360420810     
   16.300000000000001        1.2229276192781681E-009   383560.92620459804     
   16.350000000000001        1.2206020999073173E-009   403221.82742143521     
   16.399999999999999        1.2182787583678975E-009   423890.51566127274     
   16.450000000000003        1.2159575521984201E-009   445618.64804296487     
   16.500000000000000        1.2136386675439804E-009   468460.52949928225     
   16.550000000000001        1.2113221412694684E-009   492473.24849582947     
   16.600000000000001        1.2090075822459394E-009   517716.81970641954     
   16.649999999999999        1.2066954074163274E-009   544254.33400148468     
   16.700000000000003        1.2043853990307844E-009   572152.11612434057     
   16.750000000000000        1.2020776681167805E-009   601479.89044935931     
   16.800000000000001        1.1997721461434120E-009   632310.95523629431     
   16.850000000000001        1.1974688997228315E-009   664722.36581623740     
   16.899999999999999        1.1951678154593431E-009   698795.12716699729     
   16.950000000000003        1.1928689981104733E-009   734614.39635917428     
   17.000000000000000        1.1905722525733014E-009   772269.69537883229     
   17.050000000000001        1.1882779170419626E-009   811855.13485866843     
   17.100000000000001        1.1859858182877936E-009   853469.64927675971     
   17.149999999999999        1.1836958349727441E-009   897217.24421069177     
   17.200000000000003        1.1814081312725283E-009   943207.25626496435     
   17.250000000000000        1.1791226808440902E-009   991554.62632124720     
   17.300000000000001        1.1768393699937233E-009   1042380.1867943547     
   17.350000000000001        1.1745584112970373E-009   1095810.9636118237     
   17.399999999999999        1.1722795712646598E-009   1151980.4936717195     
   17.450000000000003        1.1700029355749536E-009   1211029.1585720768     
   17.500000000000000        1.1677286534359201E-009   1273104.5354459072     
   17.550000000000001        1.1654565392528573E-009   1338361.7657785804     
   17.600000000000001        1.1631866725235693E-009   1406963.9431292582     
   17.649999999999999        1.1609189311787133E-009   1479082.5207252903     
   17.700000000000003        1.1586535057727109E-009   1554897.7399481952     
   17.750000000000000        1.1563903010254743E-009   1634599.0807819986     
   17.800000000000001        1.1541293095930307E-009   1718385.7353496617     
   17.850000000000001        1.1518705330146324E-009   1806467.1057208960     
   17.899999999999999        1.1496140627626770E-009   1899063.3272354989     
   17.950000000000003        1.1473596564401929E-009   1996405.8186499376     
   18.000000000000000        1.1451076431377798E-009   2098737.8604820147     
   18.050000000000001        1.1428577942687456E-009   2206315.2029989739     
   18.100000000000001        1.1406101185306273E-009   2319406.7053682799     
   18.149999999999999        1.1383647632495758E-009   2438295.0075684786     
   18.200000000000003        1.1361215785704816E-009   2563277.2367391670     
   18.250000000000000        1.1338805846515105E-009   2694665.7497351789     
   18.300000000000001        1.1316418271735300E-009   2832788.9137408058     
   18.350000000000001        1.1294054187310640E-009   2977991.9268945875     
   18.399999999999999        1.1271711214241856E-009   3130637.6809756001     
   18.450000000000003        1.1249390892722948E-009   3291107.6683070129     
   18.500000000000000        1.1227092660571621E-009   3459802.9351432025     
   18.550000000000001        1.1204817302023645E-009   3637145.0839230358     
   18.600000000000001        1.1182563076117696E-009   3823577.3268938316     
   18.649999999999999        1.1160331781317793E-009   4019565.5937390323     
   18.700000000000003        1.1138121671844468E-009   4225599.6959775956     
   18.750000000000000        1.1115935255218577E-009   4442194.5510447165     
   18.800000000000001        1.1093770909533040E-009   4669891.4691130556     
   18.850000000000001        1.1071629250487886E-009   4909259.5058700070     
   18.899999999999999        1.1049508218271902E-009   5160896.8846316366     
   18.950000000000003        1.1027410707771815E-009   5425432.4913471295     
   19.000000000000000        1.1005334815269091E-009   5703527.4462295864     
   19.050000000000001        1.0983281943584652E-009   5995876.7559407596     
   19.100000000000001        1.0961250793497897E-009   6303211.0504582673     
   19.149999999999999        1.0939242242605353E-009   6626298.4089658167     
   19.200000000000003        1.0917255638756247E-009   6965946.2793291593     
   19.250000000000000        1.0895291390874977E-009   7323003.4959543273     
   19.300000000000001        1.0873349223133549E-009   7698362.4010709198     
   19.350000000000001        1.0851428942213199E-009   8092961.0747410394     
   19.399999999999999        1.0829532413529648E-009   8507785.6791668348     
   19.450000000000003        1.0807657221601931E-009   8943872.9231548849     
   19.500000000000000        1.0785803318814575E-009   9402312.6528954990     
   19.550000000000001        1.0763972858468982E-009   9884250.5755318515     
   19.600000000000001        1.0742164799694767E-009   10390891.122324122     
   19.649999999999999        1.0720378323429804E-009   10923500.458564118     
   19.700000000000003        1.0698614133433358E-009   11483409.647761464     
   19.750000000000000        1.0676872780897876E-009   12072017.978008617     
   19.800000000000001        1.0655153238094522E-009   12690796.458836775     
   19.850000000000001        1.0633456369517599E-009   13341291.497301141     
   19.899999999999999        1.0611781412435490E-009   14025128.762481699     
   19.950000000000003        1.0590129082585790E-009   14744017.248056483     
   20.000000000000000        1.0568497997958552E-009   15499753.543098990     
   20.050000000000001        1.0546889864192057E-009   16294226.321772715     
   20.100000000000001        1.0525305004517383E-009   17129421.063141059     
   20.149999999999999        1.0503741174411667E-009   18007425.012887765     
   20.200000000000003        1.0482199910345363E-009   18930432.399346028     
   20.250000000000000        1.0460680721107407E-009   19900749.916870691     
   20.300000000000001        1.0439184167495707E-009   20920802.490255930     
   20.350000000000001        1.0417709536151998E-009   21993139.334602583     
   20.399999999999999        1.0396256881861483E-009   23120440.325778395     
   20.450000000000003        1.0374827119830657E-009   24305522.697389655     
   20.500000000000000        1.0353418916295011E-009   25551348.080999158     
   20.550000000000001        1.0332034241702365E-009   26861029.907183155     
   20.600000000000001        1.0310669809885989E-009   28237841.185921025     
   20.649999999999999        1.0289328748333320E-009   29685222.685760286     
   20.700000000000003        1.0268010271270647E-009   31206791.532194939     
   20.750000000000000        1.0246714062323348E-009   32806350.246742982     
   20.800000000000001        1.0225439546719321E-009   34487896.249311052     
   20.850000000000001        1.0204187220339091E-009   36255631.847590074     
   20.899999999999999        1.0182957711347320E-009   38113974.738444284     
   20.950000000000003        1.0161750490766954E-009   40067569.047535263     
   21.000000000000000        1.0140564223811981E-009   42121296.934765451     
   21.050000000000001        1.0119402153272580E-009   44280290.794543162     
   21.100000000000001        1.0098261419710945E-009   46549946.081353292     
   21.150000000000002        1.0077143234669059E-009   48935934.792684130     
   21.199999999999999        1.0056046660641070E-009   51444219.642999955     
   21.250000000000000        1.0034972674375019E-009   54081068.964180104     
   21.300000000000001        1.0013920985141963E-009   56853072.369652972     
   21.350000000000001        9.9928914836875155E-010   59767157.221372038     
   21.400000000000002        9.9718841389818428E-010   62830605.940777197     
   21.449999999999999        9.9508993272185479E-010   66051074.207000755     
   21.500000000000000        9.9299368253070093E-010   69436610.087789729     
   21.550000000000001        9.9089967470770173E-010   72995674.150948554     
   21.600000000000001        9.8880777072140656E-010   76737160.606557637     
   21.650000000000002        9.8671818203067861E-010   80670419.532796204     
   21.699999999999999        9.8463080233123856E-010   84805280.240907371     
   21.750000000000000        9.8254569359213326E-010   89152075.837689564     
   21.800000000000001        9.8046281154011192E-010   93721669.046886280     
   21.850000000000001        9.7838211696008397E-010   98525479.354002863     
   21.900000000000002        9.7630370652698874E-010   103575511.54237266     
   21.949999999999999        9.7422742866524067E-010   108884385.69177775     
   22.000000000000000        9.7215340671435536E-010   114465368.71458884     
   22.050000000000001        9.7008159297091272E-010   120332407.50821565     
   22.100000000000001        9.6801207351085641E-010   126500163.80671617     
   22.150000000000002        9.6594468817124437E-010   132984050.81864491     
   22.199999999999999        9.6387955636477002E-010   139800271.74268949     
   22.250000000000000        9.6181667608533197E-010   146965860.25733730     
   22.300000000000001        9.5975599441086320E-010   154498723.08574069     
   22.350000000000001        9.5769760624037293E-010   162417684.74214515     
   22.400000000000002        9.5564134474446583E-010   170742534.57168189     
   22.449999999999999        9.5358737472165724E-010   179494076.20106730     
   22.500000000000000        9.5153560839158400E-010   188694179.52377921     
   22.550000000000001        9.4948606793030732E-010   198365835.34958771     
   22.600000000000001        9.4743880964065812E-010   208533212.85501283     
   22.650000000000002        9.4539367343333410E-010   219221719.97825044     
   22.699999999999999        9.4335078063685278E-010   230458066.90947399     
   22.750000000000000        9.4131017121017916E-010   242270332.83516514     
   22.800000000000001        9.3927178879567478E-010   254688036.10322610     
   22.850000000000001        9.3723552116484263E-010   267742207.98421922     
   22.900000000000002        9.3520162855584342E-010   281465470.21302146     
   22.949999999999999        9.3316984934781891E-010   295892116.50465029     
   23.000000000000000        9.3114030697367452E-010   311058198.24794841     
   23.050000000000001        9.2911305013397209E-010   327001614.59123176     
   23.100000000000001        9.2708801874563821E-010   343762207.14501315     
   23.150000000000002        9.2507469748256436E-010   361381859.53842121     
   23.199999999999999        9.2306460877933172E-010   379904602.07806957     
   23.250000000000000        9.2105774933557351E-010   399376721.77089351     
   23.300000000000001        9.1905441170624256E-010   419846877.98584157     
   23.350000000000001        9.1529706091153449E-010   441366224.04344523     
   23.400000000000002        9.1335567525631339E-010   463988535.03705573     
   23.449999999999999        9.1128935235119344E-010   487770342.20513600     
   23.500000000000000        9.0934296437312527E-010   512771074.19035149     
   23.550000000000001        9.0731337579508764E-010   539053205.53841054     
   23.600000000000001        9.0533680899264565E-010   566682412.80769658     
   23.650000000000002        9.0334182610117144E-010   595727738.67976701     
   23.699999999999999        9.0124971023641154E-010   626261764.48073506     
   23.750000000000000        8.9934971544317284E-010   658360791.54463506     
   23.800000000000001        8.9734799238248339E-010   692105031.87189794     
   23.850000000000001        8.9535675064573957E-010   727578808.55932069     
   23.900000000000002        8.9330282194075892E-010   764870766.50234830     
   23.949999999999999        8.9135922768564966E-010   804074093.89608121     
   24.000000000000000        8.8940966024361810E-010   845286755.08851016     
   24.050000000000001        8.8742603036234326E-010   888611735.36770606     
   24.100000000000001        8.8542609513791984E-010   934157298.29464996     
   24.150000000000002        8.8342103583855134E-010   982037256.22464764     
   24.200000000000003        8.8146193300592481E-010   1032371254.6932193     
   24.250000000000000        8.7946281600247229E-010   1085285071.3770533     
   24.300000000000001        8.7750263189190056E-010   1140910930.3770103     
   24.350000000000001        8.7553773129498380E-010   1199387832.6083479     
   24.400000000000002        8.7645160151584487E-010   1260861903.1237822     
   24.450000000000003        8.7449442789138658E-010   1325486756.2370965     
   24.500000000000000        8.7261399663684884E-010   1393423879.3596120     
   24.550000000000001        8.7075657581243130E-010   1464843036.5085752     
   24.600000000000001        8.6892741472294514E-010   1539922692.4955468     
   24.650000000000002        8.6712752829208694E-010   1618850458.8547728     
   24.700000000000003        8.6533852913355964E-010   1701823562.6255939     
   24.750000000000000        8.6357831112043687E-010   1789049339.1601968     
   24.800000000000001        8.6181083096934082E-010   1880745750.1880479     
   24.850000000000001        8.6010363142720130E-010   1977141928.4312267     
   24.900000000000002        8.5842331136987652E-010   2078478750.1316290     
   24.950000000000003        8.5677246050892683E-010   2185009436.9202871     
   25.000000000000000        8.5515375405839256E-010   2297000188.5327077     
   25.050000000000001        8.5357034754344479E-010   2414730847.9510322     
   25.100000000000001        8.5202570532308196E-010   2538495600.6347518     
   25.150000000000002        8.5052352592590561E-010   2668603709.5872345     
   25.200000000000003        8.4906787680838400E-010   2805380288.0943675     
   25.250000000000000        8.4005115049548963E-010   2949167112.0661469     
   25.300000000000001        8.3814887790992741E-010   3100323474.0107617     
   25.350000000000001        8.3615630451664209E-010   3259227080.7747269     
   25.400000000000002        8.3419699976448446E-010   3426274997.2922482     
   25.450000000000003        8.3220241257254552E-010   3601884638.7014494     
   25.500000000000000        8.2981100411004639E-010   3786494813.3064427     
   25.550000000000001        8.2776532190762662E-010   3980566818.9909501     
   25.600000000000001        8.2570397725658022E-010   4184585595.8227005     
   25.650000000000002        8.2361862795261569E-010   4399060937.7285433     
   25.700000000000003        8.2151695646596397E-010   4624528766.2672453     
   25.750000000000000        8.1941220060604509E-010   4861552469.6827660     
   25.800000000000001        8.1725888697248902E-010   5110724310.5832491     
   25.850000000000001        8.1499749309804809E-010   5372666905.7627182     
   25.900000000000002        8.1279336135486748E-010   5648034781.8628778     
   25.950000000000003        8.1061334404176685E-010   5937516010.7615213     
   26.000000000000000        8.0856963816101432E-010   6241833928.7734261     
   26.050000000000001        8.0580964589929350E-010   6561748943.9590425     
   26.100000000000001        8.0341788624839172E-010   6898060436.0562420     
   26.150000000000002        7.9860967223770499E-010   7251608753.7820339     
   26.200000000000003        7.9564155853680081E-010   7623277314.4941092     
   26.250000000000000        7.9360784372503419E-010   8013994811.4580679     
   26.300000000000001        7.9088514317796795E-010   8424737534.2349634     
   26.350000000000001        7.8804384719925143E-010   8856531807.9860172     
   26.400000000000002        7.8701416858466597E-010   9310456557.7891750     
   26.450000000000003        7.8409657822461230E-010   9787646004.3738327     
   26.500000000000000        7.8148402771450611E-010   10289292498.008776     
   26.550000000000001        7.7812191315655723E-010   10816649497.623213     
   26.600000000000001        7.7439180027290064E-010   11371034702.603762     
   26.650000000000002        7.7036415435838807E-010   11953833345.091860     
   26.700000000000003        7.6608283854255723E-010   12566501651.006603     
   26.750000000000000        7.5854807062376771E-010   13210570478.439913     
   26.800000000000001        7.5409935202024008E-010   13887649142.514109     
   26.850000000000001        7.4187498287940030E-010   14599429436.256893     
   26.900000000000002        7.3705296797283948E-010   15347689857.539795     
   26.950000000000003        7.3211880008837203E-010   16134300052.640446     
   27.000000000000000        7.3016417307607413E-010   16961225487.528713     
   27.050000000000001        7.2137020301775932E-010   17830532358.549141     
   27.100000000000001        7.1314054990247732E-010   18744392754.765167     
   27.150000000000002        7.0040848419667552E-010   19705090084.864964     
   27.200000000000003        6.8620613143897878E-010   20715024782.184895     
   27.250000000000000        6.7149734155878883E-010   21776720302.103600     
   27.300000000000001        6.5513689526486861E-010   22892829426.791031     
   27.350000000000001        6.3696252016879085E-010   24066140893.061253     
   27.400000000000002        6.1300579501890916E-010   25299586359.888931     
   27.450000000000003        5.8940459183880971E-010   26596247732.995041     
   27.500000000000000        5.6196510192400128E-010   27959364864.801018     
   27.550000000000001        5.2827795010366737E-010   29392343648.987514     
   27.600000000000001        4.9366670121513793E-010   30898764529.878780     
   27.650000000000002        4.5587864006522652E-010   32482391447.912880     
   27.700000000000003        4.0907305721227446E-010   34147181243.544636     
   27.750000000000000        3.6352117368377751E-010   35897293543.073631     
   27.800000000000001        3.1107505908100223E-010   37737101151.095650     
   27.850000000000001        2.5679342428364717E-010   39671200975.537949     
   27.900000000000002        1.9993127097557831E-010   41704425512.573402     
   27.950000000000003        1.4385600027129671E-010   43841854920.103798     
   28.000000000000000        9.2315708180228853E-011   46088829709.974884     
   28.050000000000001        4.6367050855960624E-011   48450964090.629021     
   28.100000000000001        1.3562261318983064E-011   50934159993.530251     
   28.150000000000002        2.2429325364030672E-013   53544621818.399406     
   28.200000000000003        1.4942989181249414E-011   56288871934.098137     
   28.250000000000000        6.8527301432884366E-011   59173766973.882851     
   28.300000000000001        1.7400520698275474E-010   62206514965.738686     
   28.350000000000001        3.4301289668481921E-010   65394693340.585800     
   28.400000000000002        5.9052410045854210E-010   68746267863.346207     
   28.450000000000003        9.2125361126817567E-010   72269612534.164093     
   28.500000000000000        1.3635219909510148E-009   75973530509.493271     
   28.550000000000001        1.9134758707094107E-009   79867276095.317841     
   28.600000000000001        2.5306593751847560E-009   83960577867.444183     
   28.650000000000002        3.2633372056673316E-009   88263662976.626343     
   28.700000000000003        4.0191138290716077E-009   92787282699.235809     
   28.750000000000000        4.7292537228305078E-009   97542739297.309723     
   28.800000000000001        5.3169721690925792E-009   102541914255.07121     
   28.850000000000001        5.6824173455799520E-009   107797297962.46085     
   28.900000000000002        5.6841925505165056E-009   113322020919.83334     
   28.950000000000003        5.2327766687893923E-009   119129886541.76851     
   29.000000000000000        4.2762821811048294E-009   125235405641.94252     
   29.050000000000001        2.9198644445739972E-009   131653832685.20786     
   29.100000000000001        1.4006161410637303E-009   138401203897.43674     
   29.150000000000002        2.4872290337851053E-010   145494377328.33237     
   29.200000000000003        1.3877920332477915E-010   152951074967.28571     
   29.250000000000000        1.9889394237094859E-009   160789927017.48447     
   29.300000000000001        6.6643961379072488E-009   169030518438.87180     
   29.350000000000001        1.4657653621707099E-008   177693437876.21863     
   29.400000000000002        2.5779122559837057E-008   186800329094.53903     
   29.450000000000003        3.8169715124995317E-008   196373945050.32578     
   29.500000000000000        4.9323838566258413E-008   206438204733.68555     
   29.550000000000001        5.5116127638855787E-008   217018252923.35950     
   29.600000000000001        5.2439079201034720E-008   228140523003.89426     
   29.650000000000002        4.0519132363858252E-008   239832803001.88995     
   29.700000000000003        2.1879608891788764E-008   252124305006.27301     
   29.750000000000000        5.5691657699270473E-009   265045738146.00317     
   29.800000000000001        1.0710979263626723E-010   278629385307.52606     
   29.850000000000001        8.5928670301094159E-009   292909183783.57849     
   29.900000000000002        2.2914432976539803E-008   307920810054.83752     
   29.950000000000003        2.8604070072766220E-008   323701768916.16876     
   30.000000000000000        1.5147638144687741E-008   340291487170.11627     
   30.050000000000001        2.1651008819247287E-010   357731412121.67389     
   30.100000000000001        1.8593509986419045E-008   376065115120.36334     
   30.150000000000002        8.1363736343234435E-008   395338400408.27008     
   30.200000000000003        1.3036733596807336E-007   415599419545.92065     
   30.250000000000000        8.4854988180221093E-008   436898791701.83179     
   30.300000000000001        1.3297127132472369E-009   459289730106.20081     
   30.350000000000001        1.3782689473637722E-007   482828174984.59814     
   30.400000000000002        6.4790276833701732E-007   507572933303.73138     
   30.450000000000003        1.1610173009090259E-006   533585825678.33588     
   30.500000000000000        1.0568886890884814E-006   560931840806.13989     
   30.550000000000001        4.5533528947057435E-007   589679297816.69104     
   30.600000000000001        4.6898195703929371E-008   619900016939.52527     
   30.650000000000002        5.1920892052342092E-010   651669498918.02576     
   30.700000000000003        2.8591109612784509E-009   685067113617.08350     
   30.750000000000000        1.4207554382408380E-008   720176298295.69202     
   30.800000000000001        7.7250608803474320E-008   757084766039.73206     
   30.850000000000001        6.4108325533650790E-007   795884724875.54065     
   30.900000000000002        4.2138194331067306E-008   836673108111.60938     
   30.950000000000003        1.7516532661816960E-005   879551816483.73621     
   31.000000000000000        8.2564645055866866E-005   924627972708.47595     
   31.050000000000001        7.0665935827814521E-005   972014189080.70557     
   31.100000000000001        2.0687216234672903E-006   1021828848783.6863     
   31.150000000000002        1.5333847932786295E-004   1074196401614.3096     
   31.200000000000003        1.1927356845822229E-004   1129247674862.1570     
   31.250000000000000        6.0212383721929788E-007   1187120200118.8750     
   31.300000000000001        8.6887889003297301E-006   1247958556834.1912     
   31.350000000000001        2.0800775886536095E-004   1311914733476.6052     
   31.400000000000002        8.7201054135875450E-006   1379148507200.9387     
   31.450000000000003        4.7572778352106455E-004   1449827842970.9924     
   31.500000000000000        1.8991483254968437E-004   1524129313134.2273     
   31.550000000000001        2.5221038569767898E-005   1602238538496.4741     
   31.600000000000001        2.6959738094287542E-007   1684350651998.2434     
   31.650000000000002        6.7107211735348190E-008   1770670786150.9456     
   31.700000000000003        3.2509654826295242E-005   1861414585450.3108     
   31.750000000000000        1.6733552513288702E-005   1956808745046.9460     
   31.800000000000001        2.2227685587004293E-004   2057091577019.4800     
   31.850000000000001        1.3720907263060880E-005   2162513605664.5710     
   31.900000000000002        3.0843347736258953E-005   2273338193290.6953     
   31.950000000000003        1.9199811456213281E-004   2389842198078.7021     
   32.000000000000000        4.8988622143137590E-006   2512316665652.2256     
   32.049999999999997        3.6875581529073892E-008   2641067556085.3101     
   32.100000000000001        2.2265128779702726E-006   2776416508162.9136     
   32.150000000000006        2.9708044217953828E-006   2918701642803.0894     
   32.200000000000003        5.8972937746565254E-007   3068278407623.5771     
   32.250000000000000        3.4212499904539368E-007   3225520462433.2119     
   32.299999999999997        5.2725502023822884E-005   3390820418687.5630     
   32.350000000000001        2.7675434424550310E-005   3564562846371.9570     
   32.400000000000006        1.0488403813914320E-006   3736574423281.5464     
   32.450000000000003        1.0818898574769233E-006   3916504923891.3457     
   32.500000000000000        1.9787235159428256E-010   4107947878638.5742     
   32.549999999999997        1.4319323132442366E-008   4311014266104.5488     
   32.600000000000001        1.1438180085774910E-006   4525922041247.4805     
   32.650000000000006        2.8530163074309539E-006   4752980547990.0088     
   32.700000000000003        3.6080763885685968E-006   4992578279738.1543     
   32.750000000000000        2.1997977849671529E-007   5245173452345.6865     
   32.799999999999997        9.2035188251965194E-008   5511286897220.1299     
   32.850000000000001        2.5647193879470781E-007   5791496846437.5703     
   32.900000000000006        1.3450880855635061E-007   6086435250353.1494     
   32.950000000000003        1.1355988442467390E-006   6396785332863.3018     
   33.000000000000000        2.9285774607899849E-007   6723280146535.6484     
   33.049999999999997        3.5048528061826279E-009   7066701938226.3438     
   33.100000000000001        9.2397741784498143E-007   7427882175853.0850     
   33.150000000000006        7.6566462250511947E-008   7807702119575.4023     
   33.200000000000003        1.2899135518970573E-006   8207093846840.2363     
   33.250000000000000        9.7991920309442565E-009   8627041652973.0059     
   33.299999999999997        1.6779250176105705E-008   9068171264766.5684     
   33.350000000000001        1.4319195150972625E-007   9498406942865.2969     
   33.400000000000006        2.1698977109906387E-010   9956469316082.4961     
   33.450000000000003        5.0798405366948360E-008   10443590316886.180     
   33.500000000000000        9.1743281767967494E-008   10960097975459.201     
   33.549999999999997        1.8090267273675660E-011   11506582256512.951     
   33.600000000000001        1.3245903094862069E-007   12083857380976.514     
   33.650000000000006        6.5405417044758114E-009   12692932338448.367     
   33.700000000000003        7.6559542409879519E-008   13334988254520.453     
   33.750000000000000        3.1526280357296633E-008   14011361399248.156     
   33.799999999999997        2.2383671576732533E-008   14723530788828.562     
   33.850000000000001        5.2519413515128643E-008   15473109504692.703     
   33.900000000000006        1.2342934508091955E-008   16261839014148.510     
   33.950000000000003        1.8155779371423604E-009   17091585916663.410     
   34.000000000000000        1.1952124382825021E-007   17964340658002.430     
   34.049999999999997        1.7187243820220329E-008   18882217851828.098     
   34.100000000000001        5.4687703836986115E-009   19847457927230.238     
   34.150000000000006        8.7778925090271533E-010   20862418278296.348     
   34.200000000000003        2.0733697189085975E-009   21869053116722.059     
   34.250000000000000        5.1741105276608426E-011   22916764042053.691     
   34.299999999999997        2.2619687568621764E-009   24032173478674.879     
   34.350000000000001        4.1044451525289520E-009   25215851182383.637     
   34.400000000000006        4.0943785680536082E-009   26469005564504.863     
   34.450000000000003        3.4518722796492157E-009   27793390030467.836     
   34.500000000000000        3.1203611090665729E-009   29191229285018.047     
   34.549999999999997        3.3353874416294906E-009   30665162450616.332     
   34.600000000000001        3.8334957503295747E-009   32218200077178.473     
   34.650000000000006        3.5918363987887379E-009   33853692490086.145     
   34.700000000000003        1.4808603122706833E-009   35575307325995.844     
   34.750000000000000        8.7546947655971816E-011   37387014489067.227     
   34.799999999999997        3.0717348365339438E-009   39293077100129.656     
   34.850000000000001        1.5054968575954895E-009   41298047300664.781     
   34.900000000000006        1.6151507246771530E-009   43406766013380.711     
   34.950000000000003        1.2687057548847070E-009   45624363185055.820     
   35.000000000000000        1.5452294696439916E-010   47831124662583.953     
   35.049999999999997        1.5380751219223201E-010   50115184208252.094     
   35.100000000000001        1.5307815251747969E-010   52547738622898.703     
   35.150000000000006        1.5233886350919575E-010   55129922880568.242     
   35.200000000000003        1.5159312696733750E-010   57864286071475.883     
   35.250000000000000        1.5084463107132847E-010   60754583191606.852     
   35.299999999999997        1.5009224575914037E-010   63805611108452.219     
   35.350000000000001        1.4933869522721540E-010   67023081782922.109     
   35.400000000000006        1.4858479792751195E-010   70413526303183.516     
   35.450000000000003        1.4783108295797354E-010   73984224082333.359     
   35.500000000000000        1.4707797367612566E-010   77743152453029.859     
   35.549999999999997        1.4632581976377566E-010   81698952736100.281     
   35.600000000000001        1.4557480290478893E-010   85860909611576.516     
   35.650000000000006        1.4482521920272839E-010   90238941261715.266     
   35.700000000000003        1.4407704921212678E-010   94843598287873.625     
   35.750000000000000        1.4333045123020469E-010   99686069837227.672     
   35.799999999999997        1.4258554456444642E-010   104778195725107.56     
   35.850000000000001        1.4184235478309915E-010   110132483618126.52     
   35.900000000000006        1.4110090430916913E-010   115762130565391.98     
   35.950000000000003        1.4036125872789134E-010   121681048340950.23     
   36.000000000000000        1.3962344012379854E-010   127903892199688.83     
   36.049999999999997        1.3888748109123873E-010   134446092758911.64     
   36.100000000000001        1.3815340688812743E-010   141323890804853.94     
   36.150000000000006        1.3742121554129330E-010   148554374892619.06     
   36.200000000000003        1.3669093803104453E-010   156155521663156.25     
   36.250000000000000        1.3596256513038102E-010   164146238845308.19     
   36.299999999999997        1.3523611664048563E-010   172546410946826.25     
   36.350000000000001        1.3451160355726800E-010   181376947667761.72     
   36.400000000000006        1.3378902457486797E-010   190659835094130.28     
   36.450000000000003        1.3306839300730184E-010   200418189750409.03     
   36.500000000000000        1.3234971135625923E-010   210676315607313.94     
   36.549999999999997        1.3163296505272732E-010   221459764156972.00     
   36.600000000000001        1.3091817460651275E-010   232795397681735.03     
   36.650000000000006        1.3020534223686094E-010   244711455855897.31     
   36.700000000000003        1.2949446854959222E-010   257237625831790.59     
   36.750000000000000        1.2878554797327766E-010   270405115973469.97     
   36.799999999999997        1.2807858773121185E-010   284246733412696.88     
   36.850000000000001        1.2737358962302935E-010   298796965613242.25     
   36.900000000000006        1.2667055301229156E-010   314092066141043.62     
   36.950000000000003        1.2596948695592751E-010   330170144849256.19     
   37.000000000000000        1.2527037731820263E-010   347071262699182.06     
   37.050000000000004        1.2457323401884269E-010   364837531450277.50     
   37.100000000000001        1.2387804841437543E-010   383513218465037.81     
   37.149999999999999        1.2318483781652867E-010   403144856887805.19     
   37.200000000000003        1.2249359913065871E-010   423781361470161.62     
   37.250000000000000        1.2180430758078167E-010   445474150329919.94     
   37.300000000000004        1.2111699376344379E-010   468277272945710.31     
   37.350000000000001        1.2043162928286627E-010   492247544704745.00     
   37.399999999999999        1.1974825726959131E-010   517444688337925.56     
   37.450000000000003        1.1906683567622969E-010   543931482593473.94     
   37.500000000000000        1.1838738753939754E-010   571773918518557.12     
   37.550000000000004        1.1770989994462281E-010   601041363737286.75     
   37.600000000000001        1.1703438534863890E-010   631806735133237.62     
   37.649999999999999        1.1636083581499073E-010   664146680365940.62     
   37.700000000000003        1.1568924993891345E-010   698141768672402.50     
   37.750000000000000        1.1501962840454842E-010   733876691428022.50     
   37.800000000000004        1.1435197414855025E-010   771440472965639.12     
   37.850000000000001        1.1368629673735389E-010   810926692176646.75     
   37.899999999999999        1.1302256962904762E-010   852433715445329.25     
   37.950000000000003        1.1236081515414504E-010   896064941495375.00     
   38.000000000000000        1.1170102796567464E-010   941929058757383.00     
   38.050000000000004        1.1104320457253545E-010   990140315897288.38     
   38.100000000000001        1.1038735269082063E-010   1040818806178136.5     
   38.149999999999999        1.0973346333359753E-010   1094090766362296.1     
   38.200000000000003        1.0908153444373056E-010   1150088890897131.8     
   38.250000000000000        1.0843158612206042E-010   1208952662165171.8     
   38.300000000000004        1.0778358361749808E-010   1270828697619938.0     
   38.350000000000001        1.0713756184081509E-010   1335871114670054.8     
   38.399999999999999        1.0649349739244215E-010   1404241914219060.2     
   38.450000000000003        1.0585140138035828E-010   1476111383813891.2     
   38.500000000000000        1.0521126741082450E-010   1551658521404464.8     
   38.550000000000004        1.0457310146743617E-010   1631071480767498.8     
   38.600000000000001        1.0393690575733827E-010   1714548039701614.2     
   38.649999999999999        1.0330266652589063E-010   1802296092157539.0     
   38.700000000000003        1.0267039067971023E-010   1894534165526319.5     
   38.750000000000000        1.0204008164513932E-010   1991491964371276.2     
   38.800000000000004        1.0141175060181677E-010   2093410941954987.5     
   38.850000000000001        1.0078536918475969E-010   2200544900981280.8     
   38.899999999999999        1.0016094587582958E-010   2313160625045549.5     
   38.950000000000003        9.9538497869787798E-011   2431538542362027.5     
   39.000000000000000        9.8918016019324966E-011   2555973423417280.0     
   39.050000000000004        9.8299487460924741E-011   2686775114283839.5     
   39.100000000000001        9.7682928319271957E-011   2824269307415129.5     
   39.149999999999999        9.7068330869047816E-011   2968798351837670.0     
   39.200000000000003        9.6455696113443342E-011   3120722104752414.5     
   39.250000000000000        9.5845029605724074E-011   3280418826661619.5     
   39.300000000000004        9.5236323203177468E-011   3448286122244559.0     
   39.350000000000001        9.4629586013643899E-011   3624741929319258.5     
   39.399999999999999        9.4024807427300157E-011   3810225558346898.5     
   39.450000000000003        9.3421977960084985E-011   4005198785060965.0     
   39.500000000000000        9.2821134968575239E-011   4210146998934563.0     
   39.550000000000004        9.2222231341025313E-011   4425580410339057.0     
   39.600000000000001        9.1625301709539418E-011   4652035319391104.0     
   39.649999999999999        9.1030336694631390E-011   4890075449640208.0     
   39.700000000000003        9.0437324079562684E-011   5140293349907765.0     
   39.750000000000000        8.9846285446496481E-011   5403311867759372.0     
   39.800000000000004        8.9257205879434833E-011   5679785698269174.0     
   39.850000000000001        8.8670084017120053E-011   5970403011920916.0     
   39.899999999999999        8.8084915681355709E-011   6275887165689122.0     
   39.950000000000003        8.7501716780608913E-011   6596998501547027.0     
   40.000000000000000        8.6920473387848682E-011   6934536236867146.0     
   40.050000000000004        8.6341198760658918E-011   7289340451407643.0     
   40.100000000000001        8.5763886209542211E-011   7662294175815825.0     
   40.149999999999999        8.5188540344069139E-011   8054325586834883.0     
   40.200000000000003        8.4615138564996307E-011   8466410314660628.0     
   40.250000000000000        8.4043706474629161E-011   8899573868176653.0     
   40.300000000000004        8.3474219941669941E-011   9354894184086472.0     
   40.350000000000001        8.2906711663563327E-011   9833504306269262.0     
   40.399999999999999        8.2341156928373461E-011   10336595202008478.     
   40.450000000000003        8.1777556777945645E-011   10865418722081334.     
   40.500000000000000        8.1215925373863469E-011   11421290712054968.     
   40.550000000000004        8.0656249172453931E-011   12005594282509202.     
   40.600000000000001        8.0098536648669551E-011   12619783246298780.     
   40.649999999999999        7.9542780723065269E-011   13265385731384632.     
   40.700000000000003        7.8988983125875077E-011   13944007978195342.     
   40.750000000000000        7.8437139541291741E-011   14657338330939778.     
   40.800000000000004        7.7887264365525722E-011   15407151432772428.     
   40.850000000000001        7.7339339560106030E-011   16195312635215664.     
   40.899999999999999        7.6793376261786868E-011   17023782632777036.     
   40.950000000000003        7.6249372072304873E-011   17894622334255918.     
   41.000000000000000        7.5707328650012948E-011   18809997982819460.     
   41.050000000000004        7.5167237948495915E-011   19772186537547092.     
   41.100000000000001        7.4629103715764009E-011   20783581329784348.     
   41.149999999999999        7.4092930504575325E-011   21846698008338104.     
   41.200000000000003        7.3558714354373038E-011   22964180788246636.     
   41.250000000000000        7.3026452966798489E-011   24138809018619832.     
   41.300000000000004        7.2496153727451741E-011   25373504085835180.     
   41.350000000000001        7.1967802933458531E-011   26671336669197380.     
   41.399999999999999        7.1441412350746902E-011   28035534367049096.     
   41.450000000000003        7.0916978618420621E-011   29469489712236180.     
   41.500000000000000        7.0394505313833977E-011   30976768596791668.     
   41.550000000000004        6.9873984859337077E-011   32561119126720512.     
   41.600000000000001        6.9355415892250261E-011   34226480928824544.     
   41.649999999999999        6.8838805671510191E-011   35976994932635324.     
   41.700000000000003        6.8324147671340004E-011   37817013651688072.     
   41.750000000000000        6.7811449077211972E-011   39751111989611616.     
   41.800000000000004        6.7300702798591177E-011   41784098597809384.     
   41.850000000000001        6.6791916995131433E-011   43921027812863952.     
   41.899999999999999        6.6285083854776699E-011   46167212203237832.     
   41.950000000000003        6.5780200617067176E-011   48528235756349360.     
   42.000000000000000        6.5277275099420224E-011   51009967738680968.     
   42.050000000000004        6.4776304815185699E-011   53618577263254816.     
   42.100000000000001        6.4277284265644045E-011   56360548600537672.     
   42.149999999999999        6.3780226499552001E-011   59242697270704008.     
   42.200000000000003        6.3285108234367153E-011   62272186957092752.     
   42.250000000000000        6.2791956548197810E-011   65456547282730168.     
   42.300000000000004        6.2300749131652470E-011   68803692493943160.     
   42.350000000000001        6.1811493222812478E-011   72321941097296608.     
   42.399999999999999        6.1324196611959804E-011   76020036498471984.     
   42.450000000000003        6.0838850781075997E-011   79907168694172464.     
   42.500000000000000        6.0355452253177532E-011   83992997070724704.     
   42.550000000000004        5.9874013675223132E-011   88287674365821360.     
   42.600000000000001        5.9394515795347190E-011   92801871852669952.     
   42.649999999999999        5.8916981953624472E-011   97546805808887664.     
   42.700000000000003        5.8441395158880527E-011   1.0253426533560589E+017
   42.750000000000000        5.7967760388060560E-011   1.0777664159561219E+017
   42.800000000000004        5.7496075565981485E-011   1.1328695854287122E+017
   42.850000000000001        5.7026334000499532E-011   1.1907890521939877E+017
   42.899999999999999        5.6558555167724055E-011   1.2516686969940176E+017
   42.950000000000003        5.6092718617134732E-011   1.3156597476459853E+017
   43.000000000000000        5.5628838451592671E-011   1.3829211539894976E+017
   43.050000000000004        5.5166899791254635E-011   1.4536199819551613E+017
   43.100000000000001        5.4706915633914244E-011   1.5279318277284934E+017
   43.149999999999999        5.4248885403723621E-011   1.6060412530331133E+017
   43.200000000000003        5.3792799776960186E-011   1.6881422426091645E+017
   43.250000000000000        5.3338657830549306E-011   1.7744386850176954E+017
   43.300000000000004        5.2886461558438088E-011   1.8651448779592157E+017
   43.350000000000001        5.2436225504039411E-011   1.9604860593550653E+017
   43.400000000000006        5.1987935144155166E-011   2.0606989655039811E+017
   43.450000000000003        5.1541587432014096E-011   2.1660324176926694E+017
   43.500000000000000        5.1097187698877741E-011   2.2767479387097248E+017
   43.550000000000004        5.0654739075743161E-011   2.3931204007856157E+017
   43.600000000000001        5.0214231240966740E-011   2.5154387065590976E+017
   43.650000000000006        4.9775670174692936E-011   2.6440065047517414E+017
   43.700000000000003        4.9339057388199286E-011   2.7791429423178186E+017
   43.750000000000000        4.8904400469386263E-011   2.9211834549268422E+017
   43.800000000000004        4.8471677216453786E-011   3.0704805977298118E+017
   43.850000000000001        4.8040903174880923E-011   3.2274049184602675E+017
   43.900000000000006        4.7612076010278928E-011   3.3923458750255040E+017
   43.950000000000003        4.7185195248576413E-011   3.5657127998512941E+017
   44.000000000000000        4.6760261574780282E-011   3.7479359133616211E+017
   44.050000000000004        4.6337271226131476E-011   3.9394673890921440E+017
   44.100000000000001        4.5916221051238938E-011   4.1407824730663174E+017
   44.150000000000006        4.5497117675980237E-011   4.3523806601954387E+017
   44.200000000000003        4.5079956793817344E-011   4.5747869306031757E+017
   44.250000000000000        4.4664739474487892E-011   4.8085530489245562E+017
   44.300000000000004        4.4251472271860804E-011   5.0542589297830182E+017
   44.350000000000001        4.3840138804383841E-011   5.3125140728117760E+017
   44.400000000000006        4.3430751541817343E-011   5.5839590707578426E+017
   44.450000000000003        4.3023304380874426E-011   5.8692671943849216E+017
   44.500000000000000        4.2617802261966059E-011   6.1691460580829747E+017
   44.550000000000004        4.2214238196316777E-011   6.4843393702870938E+017
   44.600000000000001        4.1812618495996166E-011   6.8156287730196045E+017
   44.650000000000006        4.1412942710585351E-011   7.1638357750872320E+017
   44.700000000000003        4.1015199235475824E-011   7.5298237836943398E+017
   44.750000000000000        4.0619405146523481E-011   7.9145002394773414E+017
   44.800000000000004        4.0225546689952028E-011   8.3188188602160371E+017
   44.850000000000001        3.9833629397901638E-011   8.7437819987475712E+017
   44.900000000000006        3.9443650131376232E-011   9.1904431208872205E+017
   44.950000000000003        3.9055610928222364E-011   9.6599094094550131E+017
   45.000000000000000        3.8669507772310220E-011   1.0153344500816998E+018
   45.050000000000004        3.8285350132752738E-011   1.0671971360675186E+018
   45.100000000000001        3.7903123786869736E-011   1.1217075306180278E+018
   45.150000000000006        3.7522836680718481E-011   1.1790007181803041E+018
   45.200000000000003        3.7144487521465307E-011   1.2392186696772831E+018
   45.250000000000000        3.6768078929784789E-011   1.3025105932293650E+018
   45.300000000000004        3.6393599932922419E-011   1.3690333027157076E+018
   45.350000000000001        3.6021061359257795E-011   1.4389516050814479E+018
   45.400000000000006        3.5650456458051063E-011   1.5124387073428989E+018
   45.450000000000003        3.5281790522054725E-011   1.5896766442905080E+018
   45.500000000000000        3.4915061866273866E-011   1.6708567279409224E+018
   45.550000000000004        3.4550265045220708E-011   1.7561800198418732E+018
   45.600000000000001        3.4187406424679834E-011   1.8458578273899766E+018
   45.650000000000006        3.3826476617099086E-011   1.9401122253805676E+018
   45.700000000000003        3.3467486234783214E-011   2.0391766040694502E+018
   45.750000000000000        3.3110423715252311E-011   2.1432962450925860E+018
   45.800000000000004        3.2755297845520148E-011   2.2527289266566016E+018
   45.850000000000001        3.2402103342215449E-011   2.3677455594853550E+018
   45.900000000000006        3.2050841629715374E-011   2.4886308550829046E+018
   45.950000000000003        3.1701510615687736E-011   2.6156840279515172E+018
   46.000000000000000        3.1354111205201430E-011   2.7492195334871951E+018
   46.050000000000004        3.1008645859059511E-011   2.8895678433616937E+018
   46.100000000000001        3.0665105117938514E-011   3.0370762602913864E+018
   46.150000000000006        3.0323502483021977E-011   3.1921097741906765E+018
   46.200000000000003        2.9983825430863253E-011   3.3550519618063601E+018
   46.250000000000000        2.9646078456982450E-011   3.5263059320381194E+018
   46.300000000000004        2.9310258753904528E-011   3.7062953192590700E+018
   46.350000000000001        2.8976368607034390E-011   3.8954653270694610E+018
   46.400000000000006        2.8644406815519981E-011   4.0942838250385162E+018
   46.450000000000003        2.8314371688956551E-011   4.3032425011176924E+018
   46.500000000000000        2.7986262443892393E-011   4.5228580725465907E+018
   46.550000000000004        2.7660083651785572E-011   4.7536735582119547E+018
   46.600000000000001        2.7335825569575069E-011   4.9962596155729152E+018
   46.650000000000006        2.7013497723358002E-011   5.2512159454208113E+018
   46.700000000000003        2.6693091517212066E-011   5.5191727679061381E+018
   46.750000000000000        2.6374610839295271E-011   5.8007923734420429E+018
   46.800000000000004        2.6058058012095483E-011   6.0967707522709484E+018
   46.850000000000001        2.5743425258776232E-011   6.4078393066757601E+018
   46.900000000000006        2.5430717185917312E-011   6.7347666500167270E+018
   46.950000000000003        2.5119932775126721E-011   7.0783604969837629E+018
   47.000000000000000        2.4811068453936166E-011   7.4394696496793938E+018
   47.050000000000004        2.4504128550637220E-011   7.8189860843764029E+018
   47.100000000000001        2.4199108163849784E-011   8.2178471440400988E+018
   47.150000000000006        2.3896006964862885E-011   8.6370378419607757E+018
   47.200000000000003        2.3594830079957339E-011   9.0775932821121198E+018
   47.250000000000000        2.3295568939505911E-011   9.5406012021330330E+018
   47.300000000000004        2.2998226502012581E-011   1.0027204645127713E+019
   47.350000000000001        2.2702805699322485E-011   1.0538604766789122E+019
   47.400000000000006        2.2409298166951193E-011   1.1076063784682680E+019
   47.450000000000003        2.2117713824869850E-011   1.1640908076863076E+019
   47.500000000000000        2.1828044038853687E-011   1.2234531437367343E+019
   47.550000000000004        2.1540289471867261E-011   1.2858398496498063E+019
   47.600000000000001        2.1254448787785864E-011   1.3514048314211602E+019
   47.650000000000006        2.0970520392365963E-011   1.4203098155348122E+019
   47.700000000000003        2.0688509672432391E-011   1.4927247455868688E+019
   47.750000000000000        2.0408206903353519E-011   1.5688281989737458E+019
   47.800000000000004        2.0130024511128969E-011   1.6488078246560510E+019
   47.850000000000001        1.9853754797421113E-011   1.7328608030603440E+019
   47.900000000000006        1.9579395423813417E-011   1.8211943292348508E+019
   47.950000000000003        1.9306946731293555E-011   1.9140261204299878E+019
   48.000000000000000        1.9036409255162479E-011   2.0115849493343916E+019
   48.050000000000004        1.8767780202812073E-011   2.1141112042582200E+019
   48.100000000000001        1.8501058609909709E-011   2.2218574776201941E+019
   48.150000000000006        1.8236253737554881E-011   2.3350891841631121E+019
   48.200000000000003        1.7973347208983805E-011   2.4540852103935046E+019
   48.250000000000000        1.7712349212014529E-011   2.5791385968162468E+019
   48.300000000000004        1.7453258950826215E-011   2.7105572546131550E+019
   48.350000000000001        1.7196072356384634E-011   2.8486647184975913E+019
   48.400000000000006        1.6940789239450778E-011   2.9938009375631270E+019
   48.450000000000003        1.6687411146363297E-011   3.1463231060352532E+019
   48.500000000000000        1.6435932977392267E-011   3.3066065359309541E+019
   48.550000000000004        1.6186354124048040E-011   3.4750455737303749E+019
   48.600000000000001        1.5938678045206359E-011   3.6520545632696889E+019
   48.650000000000006        1.5692901904094574E-011   3.8380688571759673E+019
   48.700000000000003        1.5449026901580289E-011   4.0335458792778891E+019
   48.750000000000000        1.5207045845872870E-011   4.2389662405502132E+019
   48.800000000000004        1.4966812389495168E-011   4.4548349112754938E+019
   48.850000000000001        1.4728622321087487E-011   4.6816824522402226E+019
   48.900000000000006        1.4492330009412888E-011   4.9200663079242613E+019
   48.950000000000003        1.4257929167853103E-011   5.1705721647870018E+019
   49.000000000000000        1.4025430547118291E-011   5.4338153779106652E+019
   49.050000000000004        1.3794818406506211E-011   5.7104424694214410E+019
   49.100000000000001        1.3566096887484368E-011   6.0011327022784922E+019
   49.150000000000006        1.3339131872696098E-011   6.3065997332012999E+019
   49.200000000000003        1.3114183249181098E-011   6.6275933486907580E+019
   49.250000000000000        1.2891117983279349E-011   6.9649012882953871E+019
   49.300000000000004        1.2669942763264257E-011   7.3193511594815750E+019
   49.350000000000001        1.2450523582283862E-011   7.6918124486798410E+019
   49.400000000000006        1.2233108306761628E-011   8.0831986333082305E+019
   49.450000000000003        1.2017457703149062E-011   8.4944693998082900E+019
   49.500000000000000        1.1803799543014542E-011   8.9266329729804222E+019
   49.550000000000004        1.1592017616625536E-011   9.3807485621640970E+019
   49.600000000000001        1.1382232669360151E-011   9.8579289300834206E+019
   49.650000000000006        1.1174335025065196E-011   1.0359343090467342E+020
   49.700000000000003        1.0968318264509737E-011   1.0886219140847534E+020
   49.750000000000000        1.0764190713177775E-011   1.1439847237261538E+020
   49.800000000000004        1.0561945447787455E-011   1.2021582717913906E+020
   49.850000000000001        1.0361581606429212E-011   1.2632849383193733E+020
   49.900000000000006        1.0163101390721029E-011   1.3275142939815939E+020
   49.950000000000003        9.9665057377523499E-012   1.3950034617226348E+020
   50.000000000000000        9.7717914330821167E-012   1.4659174964819624E+020
   50.050000000000004        9.5789482616417717E-012   1.5404297838925686E+020
   50.100000000000001        9.3879877738509559E-012   1.6187224588971924E+020
   50.150000000000006        9.1989114084791631E-012   1.7009868452673382E+020
   50.200000000000003        9.0117108640296265E-012   1.7874239170600160E+020
   50.250000000000000        8.8263903863684469E-012   1.8782447830958496E+020
   50.300000000000004        8.6429494988597559E-012   1.9736711955966316E+020
   50.350000000000001        8.4613849526023010E-012   2.0739360841746835E+020
   50.400000000000006        8.2816956042217659E-012   2.1792841164248236E+020
   50.450000000000003        8.1038859954334919E-012   2.2899722864297476E+020
   50.500000000000000        7.9279583994370838E-012   2.4062705325549807E+020
   50.550000000000004        7.7539152344587342E-012   2.5284623859736517E+020
   50.600000000000001        7.5817477744375992E-012   2.6568456514330984E+020
   50.650000000000006        7.4114715280761124E-012   2.7917331218475011E+020
   50.700000000000003        7.2430622791665105E-012   2.9334533283767104E+020
   50.750000000000000        7.0765364039080168E-012   3.0823513277323870E+020
   50.800000000000004        6.9118965756763079E-012   3.2387895285356803E+020
   50.850000000000001        6.7491310713455824E-012   3.4031485586380430E+020
   50.900000000000006        6.5882525881516638E-012   3.5758281754090517E+020
   50.950000000000003        6.4292662043565183E-012   3.7572482210908707E+020
   51.000000000000000        6.2721654344134051E-012   3.9478496254185931E+020
   51.050000000000004        6.1169639108161645E-012   4.1480954578114399E+020
   51.100000000000001        5.9636539962493763E-012   4.3584720315489590E+020
   51.150000000000006        5.8122468391736907E-012   4.5794900624622420E+020
   51.200000000000003        5.6627381387715372E-012   4.8116858847875740E+020
   51.250000000000000        5.5151341187526107E-012   5.0556227269587540E+020
   51.300000000000004        5.3694445849086528E-012   5.3118920502415832E+020
   51.350000000000001        5.2256716851152218E-012   5.5811149532548157E+020
   51.400000000000006        5.0838247279927333E-012   5.8639436455617056E+020
   51.450000000000003        4.9438920927195963E-012   6.1610629936663311E+020
   51.500000000000000        4.8059097029670442E-012   6.4731921429076548E+020
   51.550000000000004        4.6698359947597405E-012   6.8010862189029635E+020
   51.600000000000001        4.5357167284281714E-012   7.1455381123644798E+020
   51.650000000000006        4.4035365945268214E-012   7.5073803512919084E+020
   51.700000000000003        4.2733140753102222E-012   7.8874870647249673E+020
   51.750000000000000        4.1450562450822852E-012   8.2867760424375930E+020
   51.800000000000004        4.0187722316338737E-012   8.7062108951527817E+020
   51.850000000000001        3.8944829112680024E-012   9.1468033200697495E+020
   51.900000000000006        3.7721612222843748E-012   9.6096154767123559E+020
   51.950000000000003        3.6518668159284161E-012   1.0095762478338072E+021
   52.000000000000000        3.5335910292502041E-012   1.0606415004378964E+021
   52.050000000000004        3.4173268530839330E-012   1.1142802039641440E+021
   52.100000000000001        3.3031052458229683E-012   1.1706213746241017E+021
   52.150000000000006        3.1909389794733030E-012   1.2298004474520202E+021
   52.200000000000003        3.0808458198161102E-012   1.2919595919476657E+021
   52.250000000000000        2.9728360316590493E-012   1.3572480429514304E+021
   52.300000000000004        2.8669224457180873E-012   1.4258224474636002E+021
   52.350000000000001        2.7631298932811965E-012   1.4978472281503910E+021
   52.400000000000006        2.6614624873943625E-012   1.5734949643124172E+021
   52.450000000000003        2.5619725321516780E-012   1.6529467911236383E+021
   52.500000000000000        2.4646251420501176E-012   1.7363928179855443E+021
   52.550000000000004        2.3696780115238151E-012   1.8240325668761567E+021
   52.600000000000001        2.2764531267477444E-012   1.9160754316107522E+021
   52.650000000000006        2.1856930814157933E-012   2.0127411589711827E+021
   52.700000000000003        2.0971946637216126E-012   2.1142603526993970E+021
   52.750000000000000        2.0109768027495146E-012   2.2208750013928980E+021
   52.800000000000004        1.9270765967948023E-012   2.3328390313825180E+021
   52.850000000000001        1.8454738244418268E-012   2.4504188857168518E+021
   52.900000000000006        1.7662515495988907E-012   2.5738941304228471E+021
   52.950000000000003        1.6893525328210916E-012   2.7035580892593599E+021
   53.000000000000000        1.6148022944002939E-012   2.8397185082281857E+021
   53.050000000000004        1.5426827947985308E-012   2.9826982511565619E+021
   53.100000000000001        1.4729802662204189E-012   3.1328360277152907E+021
   53.150000000000006        1.4057392194711932E-012   3.2904871552891811E+021
   53.200000000000003        1.3409888546488149E-012   3.4560243561687485E+021
   53.250000000000000        1.2787520423689066E-012   3.6298385915866314E+021
   53.300000000000004        1.2190539044431594E-012   3.8123399341766533E+021
   53.350000000000001        1.1619291249025742E-012   4.0039584804899169E+021
   53.400000000000006        1.1073779919291678E-012   4.2051453052580638E+021
   53.450000000000003        1.0554567361482927E-012   4.4163734591524978E+021
   53.500000000000000        1.0060649271762113E-012   4.6381390118437881E+021
   53.550000000000004        9.5938832218075164E-013   4.8709621422256659E+021
   53.600000000000001        9.1542082895855423E-013   5.1153882777242630E+021
   53.650000000000006        8.7416307621342432E-013   5.3719892846710075E+021
   53.700000000000003        8.3563518966156462E-013   5.6413647117749867E+021
   53.750000000000000        7.9990484509089736E-013   5.9241430887859938E+021
   53.800000000000004        7.6700736217024127E-013   6.2209832824938126E+021
   53.850000000000001        7.3707447417287025E-013   6.5325759122643249E+021
   53.900000000000006        7.1021586734381357E-013   6.8596448273592599E+021
   53.950000000000003        6.8591048134354252E-013   7.2029486483362556E+021
   54.000000000000000        6.6444108457739507E-013   7.5632823748721744E+021
   54.050000000000004        6.4590848669787195E-013   7.9414790623855127E+021
   54.100000000000001        6.3060124642107088E-013   8.3384115698741847E+021
   54.150000000000006        6.1844940175589008E-013   8.7549943814118252E+021
   54.200000000000003        6.0952944230166896E-013   9.1921855037592054E+021
   54.250000000000000        6.0353485328180266E-013   9.6509884425742781E+021
   54.300000000000004        6.0136079190145967E-013   1.0132454259688496E+022
   54.350000000000001        6.0313145537053728E-013   1.0637683713925227E+022
   54.400000000000006        6.0827404458814874E-013   1.1167829487902333E+022
   54.450000000000003        6.1724270101129236E-013   1.1724098503222917E+022
   54.500000000000000        6.3016890420769965E-013   1.2307754326422148E+022
   54.550000000000004        6.4734065502593195E-013   1.2920119667932602E+022
   54.600000000000001        6.6893643167807731E-013   1.3562578976268383E+022
   54.650000000000006        6.9523911362688098E-013   1.4236581129477945E+022
   54.700000000000003        7.2653524804767244E-013   1.4943642225785770E+022
   54.750000000000000        7.6291652579192018E-013   1.5685348475149234E+022
   54.800000000000004        8.0516154244574293E-013   1.6463359193242191E+022
   54.850000000000001        8.5386669422280792E-013   1.7279409899113005E+022
   54.900000000000006        9.0991175139152772E-013   1.8135315517464688E+022
   54.950000000000003        9.7550583271900024E-013   1.9032973686131674E+022
   55.000000000000000        1.0549343298489664E-012   1.9974368168925788E+022
   55.050000000000004        1.1345608549425411E-012   2.0961572373522922E+022
   55.100000000000001        1.2134778432304659E-012   2.1996752973512349E+022
   55.150000000000006        1.3119707583456333E-012   2.3082173633082285E+022
   55.200000000000003        1.4168975754923917E-012   2.4220198832074647E+022
   55.250000000000000        1.5377156888331374E-012   2.5413297788307856E+022
   55.300000000000004        1.6711872577575533E-012   2.6664048473088293E+022
   55.350000000000001        1.8226753717130006E-012   2.7975141714739214E+022
   55.400000000000006        1.9960091356159047E-012   2.9349385383756259E+022
   55.450000000000003        2.2010624377687260E-012   3.0789708651723741E+022
   55.500000000000000        2.3580492356025656E-012   3.2299166314597848E+022
   55.550000000000004        2.5773639265720023E-012   3.3880943169093990E+022
   55.600000000000001        2.8139584607594587E-012   3.5538358428890294E+022
   55.650000000000006        3.0783257329832847E-012   3.7274870165031812E+022
   55.700000000000003        3.3594834235934712E-012   3.9094079752315299E+022
   55.750000000000000        3.6800859335060234E-012   4.0999736300475519E+022
   55.800000000000004        4.0317697024096298E-012   4.2995741045670887E+022
   55.850000000000001        4.4179077479034082E-012   4.5086151674006855E+022
   55.900000000000006        4.8446323592606091E-012   4.7275186544616818E+022
   55.950000000000003        5.3161482615030873E-012   4.9567228775060329E+022
   56.000000000000000        5.8382326235649460E-012   5.1966830146426210E+022
   56.050000000000004        6.4190991058705661E-012   5.4478714779471517E+022
   56.100000000000001        7.0858343546471936E-012   5.7107782526354688E+022
   56.150000000000006        7.9035943039667514E-012   5.9859112014842723E+022
   56.200000000000003        8.5928330175564238E-012   6.2737963273161877E+022
   56.250000000000000        9.4688505314721522E-012   6.5749779854066281E+022
   56.300000000000004        1.0434591040205408E-011   6.8900190365581419E+022
   56.350000000000001        1.1512598020853330E-011   7.2195009303535117E+022
   56.400000000000006        1.2673878820651767E-011   7.5640237067138901E+022
   56.450000000000003        1.4016067185034750E-011   7.9242059022901443E+022
   56.500000000000000        1.5371494535607629E-011   8.3006843464571750E+022
   56.550000000000004        1.6980693992643184E-011   8.6941138296538814E+022
   56.600000000000001        1.8261813453071721E-011   9.1051666245492710E+022
   56.650000000000006        2.0084921130110144E-011   9.5345318379276705E+022
   56.700000000000003        2.2177947309949127E-011   9.9829145682880454E+022
   56.750000000000000        2.4547464373270155E-011   1.0451034840838092E+023
   56.800000000000004        2.6942152808530838E-011   1.0939626287825788E+023
   56.850000000000001        3.0026817985083281E-011   1.1449434537891091E+023
   56.900000000000006        3.5563399578122762E-011   1.1981215273293985E+023
   56.950000000000003        3.7707759149595714E-011   1.2535731908373148E+023
   57.000000000000000        4.1191694612852776E-011   1.3113752836332508E+023
   57.050000000000004        4.5515124426355246E-011   1.3716048184312469E+023
   57.100000000000001        4.8804123571457543E-011   1.4343386008523288E+023
   57.150000000000006        5.5683131858220933E-011   1.4996527851953724E+023
   57.200000000000003        6.3852374097378059E-011   1.5676223576441507E+023
   57.250000000000000        7.5518773539821439E-011   1.6383205368708974E+023
   57.300000000000004        7.5322827415628817E-011   1.7118180805875664E+023
   57.350000000000001        8.3389803239663270E-011   1.7881824849866344E+023
   57.400000000000006        8.6683799329130442E-011   1.8674770621513115E+023
   57.450000000000003        1.2551917236021669E-010   1.9497598783682830E+023
   57.500000000000000        1.0744881583406594E-010   2.0350825337990158E+023
   57.550000000000004        1.2271200813509514E-010   2.1234887610971840E+023
   57.600000000000001        1.2208260158121967E-010   2.2150128172265783E+023
   57.650000000000006        1.3664373378457697E-010   2.3096776388672844E+023
   57.700000000000003        1.3822545388450684E-010   2.4074927273012708E+023
   57.750000000000000        1.4771535623451192E-010   2.5084517234026736E+023
   57.800000000000004        1.6279743432004003E-010   2.6125296272288210E+023
   57.850000000000001        1.9151330523932070E-010   2.7196796095148091E+023
   57.900000000000006        1.8774886453989054E-010   2.8298293539343993E+023
   57.950000000000003        2.0811361971616284E-010   2.9428768590858896E+023
   58.000000000000000        2.1656078026525135E-010   3.0586856174733641E+023
   58.050000000000004        2.5626823277785583E-010   3.1770790750046287E+023
   58.100000000000001        2.6051636555223708E-010   3.2978342582702092E+023
   58.150000000000006        2.7646805531966999E-010   3.4206744376908979E+023
   58.200000000000003        2.9102137721938340E-010   3.5452606719471367E+023
   58.250000000000000        3.1386544317838963E-010   3.6711820523866666E+023
   58.300000000000004        3.4208819495028084E-010   3.7979444346313400E+023
   58.350000000000001        3.6763333962831383E-010   3.9249574077997034E+023
   58.400000000000006        3.8570896442313820E-010   4.0515192089729812E+023
   58.450000000000003        4.1126819026969874E-010   4.1767992416123607E+023
   58.500000000000000        4.3487373646657893E-010   4.2998178019143882E+023
   58.550000000000004        4.4491443404123318E-010   4.4194225584991978E+023
   58.600000000000001        4.6183489277868695E-010   4.5342612729427928E+023
   58.650000000000006        4.8132139551292835E-010   4.6427502016298116E+023
   58.700000000000003        4.9041427332464853E-010   4.7430376033963647E+023
   58.750000000000000        5.1008138145028430E-010   4.8329618327755372E+023
   58.800000000000004        5.1742561939727016E-010   4.9100037031899749E+023
   58.850000000000001        5.3300224588643445E-010   4.9712333108675199E+023
   58.900000000000006        5.2633664617125095E-010   5.0132526186268278E+023
   58.950000000000003        5.2633664617125095E-010   5.0321374094139207E+023
