   5.0999999999999996        0.0000000000000000        5.2563124994443777     
   5.1500000000000004        0.0000000000000000        5.5257642011540398     
   5.2000000000000002        0.0000000000000000        5.8090286444456636     
   5.2500000000000000        0.0000000000000000        6.1068138957392675     
   5.2999999999999998        0.0000000000000000        6.4198643184396653     
   5.3499999999999996        0.0000000000000000        6.7489624335469127     
   5.4000000000000004        0.0000000000000000        7.0949308756464911     
   5.4500000000000002        0.0000000000000000        7.4586344491679961     
   5.5000000000000000        0.0000000000000000        7.8409822900520414     
   5.5499999999999998        0.0000000000000000        8.2429301382284415     
   5.5999999999999996        0.0000000000000000        8.6654827265857435     
   5.6500000000000004        0.0000000000000000        9.1096962924033402     
   5.7000000000000002        0.0000000000000000        9.5766812175236282     
   5.7500000000000000        0.0000000000000000        10.067604803863327     
   5.7999999999999998        0.0000000000000000        10.583694191201349     
   5.8499999999999996        0.0000000000000000        11.126239424536456     
   5.9000000000000004        0.0000000000000000        11.696596678681582     
   5.9500000000000002        0.0000000000000000        12.296191648154695     
   6.0000000000000000        0.0000000000000000        12.926523110839469     
   6.0499999999999998        0.0000000000000000        13.589166674323225     
   6.0999999999999996        0.0000000000000000        14.285778714276244     
   6.1500000000000004        0.0000000000000000        15.018100514716252     
   6.2000000000000002        0.0000000000000000        15.787962620507390     
   6.2500000000000000        0.0000000000000000        16.597289412972113     
   6.2999999999999998        0.0000000000000000        17.448103920053654     
   6.3499999999999996        0.0000000000000000        18.342532873051599     
   6.4000000000000004        0.0000000000000000        19.282812022570077     
   6.4500000000000002        0.0000000000000000        20.271291726966446     
   6.5000000000000000        0.0000000000000000        21.310442827268105     
   6.5499999999999998        0.0000000000000000        22.402862823242742     
   6.5999999999999996        0.0000000000000000        23.551282366058398     
   6.6500000000000004        0.0000000000000000        24.758572083762633     
   6.7000000000000002        0.0000000000000000        26.027749756640841     
   6.7500000000000000        0.0000000000000000        27.361987860388474     
   6.7999999999999998        0.0000000000000000        28.764621495951740     
   6.8499999999999996        0.0000000000000000        30.239156725857594     
   6.9000000000000004        0.0000000000000000        31.789279337869345     
   6.9500000000000002        0.0000000000000000        33.418864057873044     
   7.0000000000000000        0.0000000000000000        35.131984235022372     
   7.0500000000000007        0.0000000000000000        36.932922023349882     
   7.0999999999999996        0.0000000000000000        38.826179085293894     
   7.1500000000000004        0.0000000000000000        40.816487843894222     
   7.2000000000000002        0.0000000000000000        42.908823311781894     
   7.2500000000000000        0.0000000000000000        45.108415526529271     
   7.3000000000000007        0.0000000000000000        47.420762623442400     
   7.3499999999999996        0.0000000000000000        49.851644578472325     
   7.4000000000000004        0.0000000000000000        52.407137655593893     
   7.4500000000000002        0.0000000000000000        55.093629594763946     
   7.5000000000000000        0.0000000000000000        57.917835578421887     
   7.5500000000000007        0.0000000000000000        60.886815016439606     
   7.5999999999999996        0.0000000000000000        64.007989191474778     
   7.6500000000000004        0.0000000000000000        67.289159808832679     
   7.7000000000000002        0.0000000000000000        70.738528497200420     
   7.7500000000000000        0.0000000000000000        74.364717308996404     
   7.8000000000000007        0.0000000000000000        78.176790271574788     
   7.8499999999999996        0.0000000000000000        82.184276043151144     
   7.9000000000000004        0.0000000000000000        86.397191730079157     
   7.9500000000000002        0.0000000000000000        90.826067925007209     
   8.0000000000000000        0.0000000000000000        95.481975028497487     
   8.0500000000000007        0.0000000000000000        100.37655091989946     
   8.0999999999999996        0.0000000000000000        105.52203004663691     
   8.1500000000000004        0.0000000000000000        110.93127400462105     
   8.1999999999999993        0.0000000000000000        116.61780368621879     
   8.2500000000000000        0.0000000000000000        122.59583307613509     
   8.3000000000000007        0.0000000000000000        128.88030477967555     
   8.3499999999999996        0.0000000000000000        135.48692737219361     
   8.4000000000000004        0.0000000000000000        142.43221466307693     
   8.4499999999999993        0.0000000000000000        149.73352697240807     
   8.5000000000000000        0.0000000000000000        157.40911452347274     
   8.5500000000000007        0.0000000000000000        165.47816305956891     
   8.5999999999999996        0.0000000000000000        173.96084179913984     
   8.6500000000000004        0.0000000000000000        182.87835384908652     
   8.6999999999999993        0.0000000000000000        192.25298920226828     
   8.7500000000000000        0.0000000000000000        202.10818045165607     
   8.8000000000000007        0.0000000000000000        212.46856136039213     
   8.8499999999999996        0.0000000000000000        223.36002843414877     
   8.9000000000000004        0.0000000000000000        234.80980564968465     
   8.9499999999999993        0.0000000000000000        246.84651250138052     
   9.0000000000000000        0.0000000000000000        259.50023553583389     
   9.0500000000000007        0.0000000000000000        272.80260355331302     
   9.1000000000000014        0.0000000000000000        286.78686666402541     
   9.1500000000000004        0.0000000000000000        301.48797939679764     
   9.1999999999999993        0.0000000000000000        316.94268806789660     
   9.2500000000000000        0.0000000000000000        333.18962262835754     
   9.3000000000000007        0.0000000000000000        350.26939321938750     
   9.3500000000000014        0.0000000000000000        368.22469167718168     
   9.4000000000000004        0.0000000000000000        387.10039824084623     
   9.4499999999999993        0.0000000000000000        406.94369373014729     
   9.5000000000000000        0.0000000000000000        427.80417747345689     
   9.5500000000000007        0.0000000000000000        449.73399128065245     
   9.6000000000000014        0.0000000000000000        472.78794977082651     
   9.6500000000000004        0.0000000000000000        497.02367738054943     
   9.6999999999999993        0.0000000000000000        522.50175239513408     
   9.7500000000000000        0.0000000000000000        549.28585836288221     
   9.8000000000000007        0.0000000000000000        577.44294327076909     
   9.8500000000000014        0.0000000000000000        607.04338687940424     
   9.9000000000000004        0.0000000000000000        638.16117663551677     
   9.9499999999999993        0.0000000000000000        670.87409260163065     
   10.000000000000000        0.0000000000000000        705.26390186514664     
   10.050000000000001        0.0000000000000000        741.41656291274535     
   10.100000000000001        0.0000000000000000        779.42244048090549     
   10.150000000000000        0.0000000000000000        819.37653141956048     
   10.199999999999999        0.0000000000000000        861.37870213339079     
   10.250000000000000        0.0000000000000000        905.53393819422524     
   10.300000000000001        0.0000000000000000        951.95260674842962     
   10.350000000000001        0.0000000000000000        1000.7507323751347     
   10.400000000000000        0.0000000000000000        1052.0502870847799     
   10.449999999999999        0.0000000000000000        1105.9794951828021     
   10.500000000000000        0.0000000000000000        1162.6731537604237     
   10.550000000000001        0.0000000000000000        1222.2729696135927     
   10.600000000000001        0.0000000000000000        1284.9279134321212     
   10.650000000000000        0.0000000000000000        1350.7945921443295     
   10.699999999999999        0.0000000000000000        1420.0376403477799     
   10.750000000000000        0.0000000000000000        1492.8301318044457     
   10.800000000000001        0.0000000000000000        1569.3540120288108     
   10.850000000000001        0.0000000000000000        1649.8005530500736     
   10.900000000000000        0.0000000000000000        1734.3708314850817     
   10.949999999999999        0.0000000000000000        1823.2762311168804     
   11.000000000000000        0.0000000000000000        1916.7389712349975     
   11.050000000000001        0.0000000000000000        2014.9926620579929     
   11.100000000000001        0.0000000000000000        2118.2828886264047     
   11.150000000000000        0.0000000000000000        2226.8678246255818     
   11.199999999999999        0.0000000000000000        2341.0188776724285     
   11.250000000000000        0.0000000000000000        2461.0213676789335     
   11.300000000000001        0.0000000000000000        2587.1752399879347     
   11.350000000000001        0.0000000000000000        2719.7958150634945     
   11.400000000000000        0.0000000000000000        2859.2145766096291     
   11.449999999999999        0.0000000000000000        3005.7800000871603     
   11.500000000000000        0.0000000000000000        3159.8584236994257     
   11.550000000000001        0.0000000000000000        3321.8349640238102     
   11.600000000000001        0.0000000000000000        3492.1144785774327     
   11.650000000000000        0.0000000000000000        3671.1225777229142     
   11.699999999999999        0.0000000000000000        3859.3066884432365     
   11.750000000000000        0.0000000000000000        4057.1371726444158     
   11.800000000000001        0.0000000000000000        4265.1085027810223     
   11.850000000000001        0.0000000000000000        4483.7404977428105     
   11.900000000000000        0.0000000000000000        4713.5796220913771     
   11.949999999999999        0.0000000000000000        4955.2003518939637     
   12.000000000000000        0.0000000000000000        5209.2066105682115     
   12.050000000000001        0.0000000000000000        5476.2332783263473     
   12.100000000000001        0.0000000000000000        5756.9477789914627     
   12.150000000000000        0.0000000000000000        6052.0517481518791     
   12.199999999999999        0.0000000000000000        6362.2827868227441     
   12.250000000000000        0.0000000000000000        6688.4163049978788     
   12.300000000000001        0.0000000000000000        7031.2674596994175     
   12.350000000000001        0.0000000000000000        7391.6931923690681     
   12.400000000000000        0.0000000000000000        7770.5943706930930     
   12.449999999999999        0.0000000000000000        8168.9180402139791     
   12.500000000000000        0.0000000000000000        8587.6597913562837     
   12.550000000000001        0.0000000000000000        9027.8662477825983     
   12.600000000000001        0.0000000000000000        9490.6376822987440     
   12.650000000000000        0.0000000000000000        9977.1307668461850     
   12.699999999999999        0.0000000000000000        10488.561463454451     
   12.750000000000000        0.0000000000000000        11026.208063379179     
   12.800000000000001        0.0000000000000000        11591.414382021421     
   12.850000000000001        0.0000000000000000        12185.593117612925     
   12.900000000000000        0.0000000000000000        12810.229382062113     
   12.949999999999999        0.0000000000000000        13466.884412785088     
   13.000000000000000        0.0000000000000000        14157.199474798501     
   13.050000000000001        0.0000000000000000        14882.899962826941     
   13.100000000000000        0.0000000000000000        15645.799713676850     
   13.150000000000000        0.0000000000000000        16447.805539655150     
   13.200000000000001        0.0000000000000000        17290.921994362165     
   13.250000000000000        0.0000000000000000        18177.256382770509     
   13.300000000000001        0.0000000000000000        19109.024028111369     
   13.350000000000000        0.0000000000000000        20088.553808730463     
   13.400000000000000        0.0000000000000000        21118.293978753703     
   13.450000000000001        0.0000000000000000        22200.818287107839     
   13.500000000000000        0.0000000000000000        23338.832410190465     
   13.550000000000001        0.0000000000000000        24535.180714265727     
   13.600000000000000        0.0000000000000000        25792.853364486473     
   13.650000000000000        0.0000000000000000        27114.993798310908     
   13.700000000000001        0.0000000000000000        28504.906581990279     
   13.750000000000000        0.0000000000000000        29966.065669764095     
   13.800000000000001        0.0000000000000000        31502.123086404215     
   13.850000000000000        0.0000000000000000        33116.918054807284     
   13.900000000000000        0.0000000000000000        34814.486591447996     
   13.950000000000001        0.0000000000000000        36599.071593673580     
   14.000000000000000        0.0000000000000000        38475.133444051600     
   14.050000000000001        0.0000000000000000        40447.361158272251     
   14.100000000000000        0.0000000000000000        42520.684104466505     
   14.150000000000000        0.0000000000000000        44700.284323230735     
   14.200000000000001        0.0000000000000000        46991.609479145663     
   14.250000000000000        0.0000000000000000        49400.386476161351     
   14.300000000000001        0.0000000000000000        51932.635770874258     
   14.350000000000000        0.0000000000000000        54594.686419467296     
   14.400000000000000        0.0000000000000000        57393.191895922042     
   14.450000000000001        0.0000000000000000        60335.146721031808     
   14.500000000000000        0.0000000000000000        63427.903943777790     
   14.550000000000001        0.0000000000000000        66679.193518757456     
   14.600000000000001        0.0000000000000000        70097.141625592878     
   14.650000000000000        0.0000000000000000        73690.290978602803     
   14.700000000000001        0.0000000000000000        77467.622177497731     
   14.750000000000000        0.0000000000000000        81438.576152454320     
   14.800000000000001        0.0000000000000000        85613.077759667387     
   14.850000000000001        0.0000000000000000        90001.560586346284     
   14.900000000000000        0.0000000000000000        94614.993027149641     
   14.950000000000001        0.0000000000000000        99464.905697228751     
   15.000000000000000        0.0000000000000000        104563.42025038738     
   15.050000000000001        0.0000000000000000        109923.27967438288     
   15.100000000000001        0.0000000000000000        115557.88013907959     
   15.150000000000000        0.0000000000000000        121481.30447704984     
   15.200000000000001        0.0000000000000000        127708.35738029727     
   15.250000000000000        0.0000000000000000        134254.60240106061     
   15.300000000000001        0.0000000000000000        141136.40084917721     
   15.350000000000001        0.0000000000000000        148370.95268320732     
   15.400000000000000        0.0000000000000000        155976.33949752245     
   15.450000000000001        0.0000000000000000        163971.56971278175     
   15.500000000000000        0.0000000000000000        172376.62608274000     
   15.550000000000001        0.0000000000000000        181212.51563610911     
   15.600000000000001        0.0000000000000000        190501.32217829101     
   15.650000000000000        0.0000000000000000        200266.26148418535     
   15.700000000000001        0.0000000000000000        210531.73932001539     
   15.750000000000000        0.0000000000000000        221323.41243916698     
   15.800000000000001        0.0000000000000000        232668.25270448512     
   15.850000000000001        0.0000000000000000        244594.61449727698     
   15.900000000000000        0.0000000000000000        257132.30558148326     
   15.950000000000001        0.0000000000000000        270312.66160012322     
   16.000000000000000        0.0000000000000000        284168.62439017900     
   16.050000000000001        0.0000000000000000        298734.82431165111     
   16.100000000000001        0.0000000000000000        314047.66679652641     
   16.149999999999999        0.0000000000000000        330145.42333395692     
   16.200000000000003        0.0000000000000000        347068.32711903646     
   16.250000000000000        0.0000000000000000        364858.67360420810     
   16.300000000000001        0.0000000000000000        383560.92620459804     
   16.350000000000001        0.0000000000000000        403221.82742143521     
   16.399999999999999        0.0000000000000000        423890.51566127274     
   16.450000000000003        0.0000000000000000        445618.64804296487     
   16.500000000000000        0.0000000000000000        468460.52949928225     
   16.550000000000001        0.0000000000000000        492473.24849582947     
   16.600000000000001        0.0000000000000000        517716.81970641954     
   16.649999999999999        0.0000000000000000        544254.33400148468     
   16.700000000000003        0.0000000000000000        572152.11612434057     
   16.750000000000000        0.0000000000000000        601479.89044935931     
   16.800000000000001        0.0000000000000000        632310.95523629431     
   16.850000000000001        0.0000000000000000        664722.36581623740     
   16.899999999999999        0.0000000000000000        698795.12716699729     
   16.950000000000003        0.0000000000000000        734614.39635917428     
   17.000000000000000        0.0000000000000000        772269.69537883229     
   17.050000000000001        0.0000000000000000        811855.13485866843     
   17.100000000000001        0.0000000000000000        853469.64927675971     
   17.149999999999999        0.0000000000000000        897217.24421069177     
   17.200000000000003        0.0000000000000000        943207.25626496435     
   17.250000000000000        0.0000000000000000        991554.62632124720     
   17.300000000000001        0.0000000000000000        1042380.1867943547     
   17.350000000000001        0.0000000000000000        1095810.9636118237     
   17.399999999999999        0.0000000000000000        1151980.4936717195     
   17.450000000000003        0.0000000000000000        1211029.1585720768     
   17.500000000000000        0.0000000000000000        1273104.5354459072     
   17.550000000000001        0.0000000000000000        1338361.7657785804     
   17.600000000000001        0.0000000000000000        1406963.9431292582     
   17.649999999999999        0.0000000000000000        1479082.5207252903     
   17.700000000000003        0.0000000000000000        1554897.7399481952     
   17.750000000000000        0.0000000000000000        1634599.0807819986     
   17.800000000000001        0.0000000000000000        1718385.7353496617     
   17.850000000000001        0.0000000000000000        1806467.1057208960     
   17.899999999999999        0.0000000000000000        1899063.3272354989     
   17.950000000000003        0.0000000000000000        1996405.8186499376     
   18.000000000000000        0.0000000000000000        2098737.8604820147     
   18.050000000000001        0.0000000000000000        2206315.2029989739     
   18.100000000000001        0.0000000000000000        2319406.7053682799     
   18.149999999999999        0.0000000000000000        2438295.0075684786     
   18.200000000000003        0.0000000000000000        2563277.2367391670     
   18.250000000000000        0.0000000000000000        2694665.7497351789     
   18.300000000000001        0.0000000000000000        2832788.9137408058     
   18.350000000000001        0.0000000000000000        2977991.9268945875     
   18.399999999999999        0.0000000000000000        3130637.6809756001     
   18.450000000000003        0.0000000000000000        3291107.6683070129     
   18.500000000000000        0.0000000000000000        3459802.9351432025     
   18.550000000000001        0.0000000000000000        3637145.0839230358     
   18.600000000000001        0.0000000000000000        3823577.3268938316     
   18.649999999999999        0.0000000000000000        4019565.5937390323     
   18.700000000000003        0.0000000000000000        4225599.6959775956     
   18.750000000000000        0.0000000000000000        4442194.5510447165     
   18.800000000000001        0.0000000000000000        4669891.4691130556     
   18.850000000000001        0.0000000000000000        4909259.5058700070     
   18.899999999999999        0.0000000000000000        5160896.8846316366     
   18.950000000000003        0.0000000000000000        5425432.4913471295     
   19.000000000000000        0.0000000000000000        5703527.4462295864     
   19.050000000000001        0.0000000000000000        5995876.7559407596     
   19.100000000000001        0.0000000000000000        6303211.0504582673     
   19.149999999999999        0.0000000000000000        6626298.4089658167     
   19.200000000000003        0.0000000000000000        6965946.2793291593     
   19.250000000000000        0.0000000000000000        7323003.4959543273     
   19.300000000000001        0.0000000000000000        7698362.4010709198     
   19.350000000000001        0.0000000000000000        8092961.0747410394     
   19.399999999999999        0.0000000000000000        8507785.6791668348     
   19.450000000000003        0.0000000000000000        8943872.9231548849     
   19.500000000000000        0.0000000000000000        9402312.6528954990     
   19.550000000000001        0.0000000000000000        9884250.5755318515     
   19.600000000000001        0.0000000000000000        10390891.122324122     
   19.649999999999999        0.0000000000000000        10923500.458564118     
   19.700000000000003        0.0000000000000000        11483409.647761464     
   19.750000000000000        0.0000000000000000        12072017.978008617     
   19.800000000000001        0.0000000000000000        12690796.458836775     
   19.850000000000001        0.0000000000000000        13341291.497301141     
   19.899999999999999        0.0000000000000000        14025128.762481699     
   19.950000000000003        0.0000000000000000        14744017.248056483     
   20.000000000000000        0.0000000000000000        15499753.543098990     
   20.050000000000001        0.0000000000000000        16294226.321772715     
   20.100000000000001        0.0000000000000000        17129421.063141059     
   20.149999999999999        0.0000000000000000        18007425.012887765     
   20.200000000000003        0.0000000000000000        18930432.399346028     
   20.250000000000000        0.0000000000000000        19900749.916870691     
   20.300000000000001        0.0000000000000000        20920802.490255930     
   20.350000000000001        0.0000000000000000        21993139.334602583     
   20.399999999999999        0.0000000000000000        23120440.325778395     
   20.450000000000003        0.0000000000000000        24305522.697389655     
   20.500000000000000        0.0000000000000000        25551348.080999158     
   20.550000000000001        0.0000000000000000        26861029.907183155     
   20.600000000000001        0.0000000000000000        28237841.185921025     
   20.649999999999999        0.0000000000000000        29685222.685760286     
   20.700000000000003        0.0000000000000000        31206791.532194939     
   20.750000000000000        0.0000000000000000        32806350.246742982     
   20.800000000000001        0.0000000000000000        34487896.249311052     
   20.850000000000001        0.0000000000000000        36255631.847590074     
   20.899999999999999        0.0000000000000000        38113974.738444284     
   20.950000000000003        0.0000000000000000        40067569.047535263     
   21.000000000000000        0.0000000000000000        42121296.934765451     
   21.050000000000001        0.0000000000000000        44280290.794543162     
   21.100000000000001        0.0000000000000000        46549946.081353292     
   21.150000000000002        0.0000000000000000        48935934.792684130     
   21.199999999999999        0.0000000000000000        51444219.642999955     
   21.250000000000000        0.0000000000000000        54081068.964180104     
   21.300000000000001        0.0000000000000000        56853072.369652972     
   21.350000000000001        0.0000000000000000        59767157.221372038     
   21.400000000000002        0.0000000000000000        62830605.940777197     
   21.449999999999999        0.0000000000000000        66051074.207000755     
   21.500000000000000        0.0000000000000000        69436610.087789729     
   21.550000000000001        0.0000000000000000        72995674.150948554     
   21.600000000000001        0.0000000000000000        76737160.606557637     
   21.650000000000002        0.0000000000000000        80670419.532796204     
   21.699999999999999        0.0000000000000000        84805280.240907371     
   21.750000000000000        0.0000000000000000        89152075.837689564     
   21.800000000000001        0.0000000000000000        93721669.046886280     
   21.850000000000001        0.0000000000000000        98525479.354002863     
   21.900000000000002        0.0000000000000000        103575511.54237266     
   21.949999999999999        0.0000000000000000        108884385.69177775     
   22.000000000000000        0.0000000000000000        114465368.71458884     
   22.050000000000001        0.0000000000000000        120332407.50821565     
   22.100000000000001        0.0000000000000000        126500163.80671617     
   22.150000000000002        0.0000000000000000        132984050.81864491     
   22.199999999999999        0.0000000000000000        139800271.74268949     
   22.250000000000000        0.0000000000000000        146965860.25733730     
   22.300000000000001        0.0000000000000000        154498723.08574069     
   22.350000000000001        0.0000000000000000        162417684.74214515     
   22.400000000000002        0.0000000000000000        170742534.57168189     
   22.449999999999999        0.0000000000000000        179494076.20106730     
   22.500000000000000        0.0000000000000000        188694179.52377921     
   22.550000000000001        0.0000000000000000        198365835.34958771     
   22.600000000000001        0.0000000000000000        208533212.85501283     
   22.650000000000002        0.0000000000000000        219221719.97825044     
   22.699999999999999        0.0000000000000000        230458066.90947399     
   22.750000000000000        0.0000000000000000        242270332.83516514     
   22.800000000000001        0.0000000000000000        254688036.10322610     
   22.850000000000001        0.0000000000000000        267742207.98421922     
   22.900000000000002        0.0000000000000000        281465470.21302146     
   22.949999999999999        0.0000000000000000        295892116.50465029     
   23.000000000000000        0.0000000000000000        311058198.24794841     
   23.050000000000001        0.0000000000000000        327001614.59123176     
   23.100000000000001        0.0000000000000000        343762207.14501315     
   23.150000000000002        0.0000000000000000        361381859.53842121     
   23.199999999999999        0.0000000000000000        379904602.07806957     
   23.250000000000000        0.0000000000000000        399376721.77089351     
   23.300000000000001        0.0000000000000000        419846877.98584157     
   23.350000000000001        0.0000000000000000        441366224.04344523     
   23.400000000000002        0.0000000000000000        463988535.03705573     
   23.449999999999999        0.0000000000000000        487770342.20513600     
   23.500000000000000        0.0000000000000000        512771074.19035149     
   23.550000000000001        0.0000000000000000        539053205.53841054     
   23.600000000000001        0.0000000000000000        566682412.80769658     
   23.650000000000002        0.0000000000000000        595727738.67976701     
   23.699999999999999        0.0000000000000000        626261764.48073506     
   23.750000000000000        0.0000000000000000        658360791.54463506     
   23.800000000000001        0.0000000000000000        692105031.87189794     
   23.850000000000001        0.0000000000000000        727578808.55932069     
   23.900000000000002        0.0000000000000000        764870766.50234830     
   23.949999999999999        0.0000000000000000        804074093.89608121     
   24.000000000000000        0.0000000000000000        845286755.08851016     
   24.050000000000001        0.0000000000000000        888611735.36770606     
   24.100000000000001        0.0000000000000000        934157298.29464996     
   24.150000000000002        0.0000000000000000        982037256.22464764     
   24.200000000000003        0.0000000000000000        1032371254.6932193     
   24.250000000000000        0.0000000000000000        1085285071.3770533     
   24.300000000000001        0.0000000000000000        1140910930.3770103     
   24.350000000000001        0.0000000000000000        1199387832.6083479     
   24.400000000000002        0.0000000000000000        1260861903.1237822     
   24.450000000000003        0.0000000000000000        1325486756.2370965     
   24.500000000000000        0.0000000000000000        1393423879.3596120     
   24.550000000000001        0.0000000000000000        1464843036.5085752     
   24.600000000000001        0.0000000000000000        1539922692.4955468     
   24.650000000000002        0.0000000000000000        1618850458.8547728     
   24.700000000000003        0.0000000000000000        1701823562.6255939     
   24.750000000000000        0.0000000000000000        1789049339.1601968     
   24.800000000000001        0.0000000000000000        1880745750.1880479     
   24.850000000000001        0.0000000000000000        1977141928.4312267     
   24.900000000000002        0.0000000000000000        2078478750.1316290     
   24.950000000000003        0.0000000000000000        2185009436.9202871     
   25.000000000000000        0.0000000000000000        2297000188.5327077     
   25.050000000000001        0.0000000000000000        2414730847.9510322     
   25.100000000000001        0.0000000000000000        2538495600.6347518     
   25.150000000000002        0.0000000000000000        2668603709.5872345     
   25.200000000000003        0.0000000000000000        2805380288.0943675     
   25.250000000000000        0.0000000000000000        2949167112.0661469     
   25.300000000000001        0.0000000000000000        3100323474.0107617     
   25.350000000000001        0.0000000000000000        3259227080.7747269     
   25.400000000000002        0.0000000000000000        3426274997.2922482     
   25.450000000000003        0.0000000000000000        3601884638.7014494     
   25.500000000000000        0.0000000000000000        3786494813.3064427     
   25.550000000000001        0.0000000000000000        3980566818.9909501     
   25.600000000000001        0.0000000000000000        4184585595.8227005     
   25.650000000000002        0.0000000000000000        4399060937.7285433     
   25.700000000000003        0.0000000000000000        4624528766.2672453     
   25.750000000000000        0.0000000000000000        4861552469.6827660     
   25.800000000000001        0.0000000000000000        5110724310.5832491     
   25.850000000000001        0.0000000000000000        5372666905.7627182     
   25.900000000000002        0.0000000000000000        5648034781.8628778     
   25.950000000000003        0.0000000000000000        5937516010.7615213     
   26.000000000000000        0.0000000000000000        6241833928.7734261     
   26.050000000000001        0.0000000000000000        6561748943.9590425     
   26.100000000000001        0.0000000000000000        6898060436.0562420     
   26.150000000000002        0.0000000000000000        7251608753.7820339     
   26.200000000000003        0.0000000000000000        7623277314.4941092     
   26.250000000000000        0.0000000000000000        8013994811.4580679     
   26.300000000000001        0.0000000000000000        8424737534.2349634     
   26.350000000000001        0.0000000000000000        8856531807.9860172     
   26.400000000000002        0.0000000000000000        9310456557.7891750     
   26.450000000000003        0.0000000000000000        9787646004.3738327     
   26.500000000000000        0.0000000000000000        10289292498.008776     
   26.550000000000001        0.0000000000000000        10816649497.623213     
   26.600000000000001        0.0000000000000000        11371034702.603762     
   26.650000000000002        0.0000000000000000        11953833345.091860     
   26.700000000000003        0.0000000000000000        12566501651.006603     
   26.750000000000000        0.0000000000000000        13210570478.439913     
   26.800000000000001        0.0000000000000000        13887649142.514109     
   26.850000000000001        0.0000000000000000        14599429436.256893     
   26.900000000000002        0.0000000000000000        15347689857.539795     
   26.950000000000003        0.0000000000000000        16134300052.640446     
   27.000000000000000        0.0000000000000000        16961225487.528713     
   27.050000000000001        0.0000000000000000        17830532358.549141     
   27.100000000000001        0.0000000000000000        18744392754.765167     
   27.150000000000002        0.0000000000000000        19705090084.864964     
   27.200000000000003        0.0000000000000000        20715024782.184895     
   27.250000000000000        0.0000000000000000        21776720302.103600     
   27.300000000000001        0.0000000000000000        22892829426.791031     
   27.350000000000001        0.0000000000000000        24066140893.061253     
   27.400000000000002        0.0000000000000000        25299586359.888931     
   27.450000000000003        0.0000000000000000        26596247732.995041     
   27.500000000000000        0.0000000000000000        27959364864.801018     
   27.550000000000001        0.0000000000000000        29392343648.987514     
   27.600000000000001        0.0000000000000000        30898764529.878780     
   27.650000000000002        0.0000000000000000        32482391447.912880     
   27.700000000000003        0.0000000000000000        34147181243.544636     
   27.750000000000000        0.0000000000000000        35897293543.073631     
   27.800000000000001        0.0000000000000000        37737101151.095650     
   27.850000000000001        0.0000000000000000        39671200975.537949     
   27.900000000000002        0.0000000000000000        41704425512.573402     
   27.950000000000003        0.0000000000000000        43841854920.103798     
   28.000000000000000        0.0000000000000000        46088829709.974884     
   28.050000000000001        0.0000000000000000        48450964090.629021     
   28.100000000000001        0.0000000000000000        50934159993.530251     
   28.150000000000002        0.0000000000000000        53544621818.399406     
   28.200000000000003        0.0000000000000000        56288871934.098137     
   28.250000000000000        0.0000000000000000        59173766973.882851     
   28.300000000000001        0.0000000000000000        62206514965.738686     
   28.350000000000001        0.0000000000000000        65394693340.585800     
   28.400000000000002        0.0000000000000000        68746267863.346207     
   28.450000000000003        0.0000000000000000        72269612534.164093     
   28.500000000000000        0.0000000000000000        75973530509.493271     
   28.550000000000001        0.0000000000000000        79867276095.317841     
   28.600000000000001        0.0000000000000000        83960577867.444183     
   28.650000000000002        0.0000000000000000        88263662976.626343     
   28.700000000000003        0.0000000000000000        92787282699.235809     
   28.750000000000000        0.0000000000000000        97542739297.309723     
   28.800000000000001        0.0000000000000000        102541914255.07121     
   28.850000000000001        0.0000000000000000        107797297962.46085     
   28.900000000000002        0.0000000000000000        113322020919.83334     
   28.950000000000003        0.0000000000000000        119129886541.76851     
   29.000000000000000        0.0000000000000000        125235405641.94252     
   29.050000000000001        0.0000000000000000        131653832685.20786     
   29.100000000000001        0.0000000000000000        138401203897.43674     
   29.150000000000002        0.0000000000000000        145494377328.33237     
   29.200000000000003        0.0000000000000000        152951074967.28571     
   29.250000000000000        0.0000000000000000        160789927017.48447     
   29.300000000000001        0.0000000000000000        169030518438.87180     
   29.350000000000001        0.0000000000000000        177693437876.21863     
   29.400000000000002        0.0000000000000000        186800329094.53903     
   29.450000000000003        0.0000000000000000        196373945050.32578     
   29.500000000000000        0.0000000000000000        206438204733.68555     
   29.550000000000001        0.0000000000000000        217018252923.35950     
   29.600000000000001        0.0000000000000000        228140523003.89426     
   29.650000000000002        0.0000000000000000        239832803001.88995     
   29.700000000000003        0.0000000000000000        252124305006.27301     
   29.750000000000000        0.0000000000000000        265045738146.00317     
   29.800000000000001        0.0000000000000000        278629385307.52606     
   29.850000000000001        0.0000000000000000        292909183783.57849     
   29.900000000000002        0.0000000000000000        307920810054.83752     
   29.950000000000003        0.0000000000000000        323701768916.16876     
   30.000000000000000        0.0000000000000000        340291487170.11627     
   30.050000000000001        0.0000000000000000        357731412121.67389     
   30.100000000000001        0.0000000000000000        376065115120.36334     
   30.150000000000002        0.0000000000000000        395338400408.27008     
   30.200000000000003        0.0000000000000000        415599419545.92065     
   30.250000000000000        0.0000000000000000        436898791701.83179     
   30.300000000000001        0.0000000000000000        459289730106.20081     
   30.350000000000001        0.0000000000000000        482828174984.59814     
   30.400000000000002        0.0000000000000000        507572933303.73138     
   30.450000000000003        0.0000000000000000        533585825678.33588     
   30.500000000000000        0.0000000000000000        560931840806.13989     
   30.550000000000001        0.0000000000000000        589679297816.69104     
   30.600000000000001        0.0000000000000000        619900016939.52527     
   30.650000000000002        0.0000000000000000        651669498918.02576     
   30.700000000000003        0.0000000000000000        685067113617.08350     
   30.750000000000000        0.0000000000000000        720176298295.69202     
   30.800000000000001        0.0000000000000000        757084766039.73206     
   30.850000000000001        0.0000000000000000        795884724875.54065     
   30.900000000000002        0.0000000000000000        836673108111.60938     
   30.950000000000003        0.0000000000000000        879551816483.73621     
   31.000000000000000        0.0000000000000000        924627972708.47595     
   31.050000000000001        0.0000000000000000        972014189080.70557     
   31.100000000000001        0.0000000000000000        1021828848783.6863     
   31.150000000000002        0.0000000000000000        1074196401614.3096     
   31.200000000000003        0.0000000000000000        1129247674862.1570     
   31.250000000000000        0.0000000000000000        1187120200118.8750     
   31.300000000000001        0.0000000000000000        1247958556834.1912     
   31.350000000000001        0.0000000000000000        1311914733476.6052     
   31.400000000000002        0.0000000000000000        1379148507200.9387     
   31.450000000000003        0.0000000000000000        1449827842970.9924     
   31.500000000000000        0.0000000000000000        1524129313134.2273     
   31.550000000000001        0.0000000000000000        1602238538496.4741     
   31.600000000000001        0.0000000000000000        1684350651998.2434     
   31.650000000000002        0.0000000000000000        1770670786150.9456     
   31.700000000000003        0.0000000000000000        1861414585450.3108     
   31.750000000000000        0.0000000000000000        1956808745046.9460     
   31.800000000000001        0.0000000000000000        2057091577019.4800     
   31.850000000000001        0.0000000000000000        2162513605664.5710     
   31.900000000000002        0.0000000000000000        2273338193290.6953     
   31.950000000000003        0.0000000000000000        2389842198078.7021     
   32.000000000000000        0.0000000000000000        2512316665652.2256     
   32.049999999999997        0.0000000000000000        2641067556085.3101     
   32.100000000000001        0.0000000000000000        2776416508162.9136     
   32.150000000000006        0.0000000000000000        2918701642803.0894     
   32.200000000000003        0.0000000000000000        3068278407623.5771     
   32.250000000000000        0.0000000000000000        3225520462433.2119     
   32.299999999999997        0.0000000000000000        3390820418687.5630     
   32.350000000000001        0.0000000000000000        3564562846371.9570     
   32.400000000000006        0.0000000000000000        3736574423281.5464     
   32.450000000000003        0.0000000000000000        3916504923891.3457     
   32.500000000000000        0.0000000000000000        4107947878638.5742     
   32.549999999999997        0.0000000000000000        4311014266104.5488     
   32.600000000000001        0.0000000000000000        4525922041247.4805     
   32.650000000000006        0.0000000000000000        4752980547990.0088     
   32.700000000000003        0.0000000000000000        4992578279738.1543     
   32.750000000000000        0.0000000000000000        5245173452345.6865     
   32.799999999999997        0.0000000000000000        5511286897220.1299     
   32.850000000000001        0.0000000000000000        5791496846437.5703     
   32.900000000000006        0.0000000000000000        6086435250353.1494     
   32.950000000000003        0.0000000000000000        6396785332863.3018     
   33.000000000000000        0.0000000000000000        6723280146535.6484     
   33.049999999999997        0.0000000000000000        7066701938226.3438     
   33.100000000000001        0.0000000000000000        7427882175853.0850     
   33.150000000000006        0.0000000000000000        7807702119575.4023     
   33.200000000000003        0.0000000000000000        8207093846840.2363     
   33.250000000000000        0.0000000000000000        8627041652973.0059     
   33.299999999999997        0.0000000000000000        9068171264766.5684     
   33.350000000000001        0.0000000000000000        9498406942865.2969     
   33.400000000000006        0.0000000000000000        9956469316082.4961     
   33.450000000000003        0.0000000000000000        10443590316886.180     
   33.500000000000000        0.0000000000000000        10960097975459.201     
   33.549999999999997        0.0000000000000000        11506582256512.951     
   33.600000000000001        0.0000000000000000        12083857380976.514     
   33.650000000000006        0.0000000000000000        12692932338448.367     
   33.700000000000003        0.0000000000000000        13334988254520.453     
   33.750000000000000        0.0000000000000000        14011361399248.156     
   33.799999999999997        0.0000000000000000        14723530788828.562     
   33.850000000000001        0.0000000000000000        15473109504692.703     
   33.900000000000006        0.0000000000000000        16261839014148.510     
   33.950000000000003        0.0000000000000000        17091585916663.410     
   34.000000000000000        0.0000000000000000        17964340658002.430     
   34.049999999999997        0.0000000000000000        18882217851828.098     
   34.100000000000001        0.0000000000000000        19847457927230.238     
   34.150000000000006        0.0000000000000000        20862418278296.348     
   34.200000000000003        0.0000000000000000        21869053116722.059     
   34.250000000000000        0.0000000000000000        22916764042053.691     
   34.299999999999997        0.0000000000000000        24032173478674.879     
   34.350000000000001        0.0000000000000000        25215851182383.637     
   34.400000000000006        0.0000000000000000        26469005564504.863     
   34.450000000000003        0.0000000000000000        27793390030467.836     
   34.500000000000000        0.0000000000000000        29191229285018.047     
   34.549999999999997        0.0000000000000000        30665162450616.332     
   34.600000000000001        0.0000000000000000        32218200077178.473     
   34.650000000000006        0.0000000000000000        33853692490086.145     
   34.700000000000003        0.0000000000000000        35575307325995.844     
   34.750000000000000        0.0000000000000000        37387014489067.227     
   34.799999999999997        0.0000000000000000        39293077100129.656     
   34.850000000000001        0.0000000000000000        41298047300664.781     
   34.900000000000006        0.0000000000000000        43406766013380.711     
   34.950000000000003        0.0000000000000000        45624363185055.820     
   35.000000000000000        0.0000000000000000        47831124662583.953     
   35.049999999999997        0.0000000000000000        50115184208252.094     
   35.100000000000001        0.0000000000000000        52547738622898.703     
   35.150000000000006        0.0000000000000000        55129922880568.242     
   35.200000000000003        0.0000000000000000        57864286071475.883     
   35.250000000000000        0.0000000000000000        60754583191606.852     
   35.299999999999997        0.0000000000000000        63805611108452.219     
   35.350000000000001        0.0000000000000000        67023081782922.109     
   35.400000000000006        0.0000000000000000        70413526303183.516     
   35.450000000000003        0.0000000000000000        73984224082333.359     
   35.500000000000000        0.0000000000000000        77743152453029.859     
   35.549999999999997        0.0000000000000000        81698952736100.281     
   35.600000000000001        0.0000000000000000        85860909611576.516     
   35.650000000000006        0.0000000000000000        90238941261715.266     
   35.700000000000003        0.0000000000000000        94843598287873.625     
   35.750000000000000        0.0000000000000000        99686069837227.672     
   35.799999999999997        0.0000000000000000        104778195725107.56     
   35.850000000000001        0.0000000000000000        110132483618126.52     
   35.900000000000006        0.0000000000000000        115762130565391.98     
   35.950000000000003        0.0000000000000000        121681048340950.23     
   36.000000000000000        0.0000000000000000        127903892199688.83     
   36.049999999999997        0.0000000000000000        134446092758911.64     
   36.100000000000001        0.0000000000000000        141323890804853.94     
   36.150000000000006        0.0000000000000000        148554374892619.06     
   36.200000000000003        0.0000000000000000        156155521663156.25     
   36.250000000000000        0.0000000000000000        164146238845308.19     
   36.299999999999997        0.0000000000000000        172546410946826.25     
   36.350000000000001        0.0000000000000000        181376947667761.72     
   36.400000000000006        0.0000000000000000        190659835094130.28     
   36.450000000000003        0.0000000000000000        200418189750409.03     
   36.500000000000000        0.0000000000000000        210676315607313.94     
   36.549999999999997        0.0000000000000000        221459764156972.00     
   36.600000000000001        0.0000000000000000        232795397681735.03     
   36.650000000000006        0.0000000000000000        244711455855897.31     
   36.700000000000003        0.0000000000000000        257237625831790.59     
   36.750000000000000        0.0000000000000000        270405115973469.97     
   36.799999999999997        0.0000000000000000        284246733412696.88     
   36.850000000000001        0.0000000000000000        298796965613242.25     
   36.900000000000006        0.0000000000000000        314092066141043.62     
   36.950000000000003        0.0000000000000000        330170144849256.19     
   37.000000000000000        0.0000000000000000        347071262699182.06     
   37.050000000000004        0.0000000000000000        364837531450277.50     
   37.100000000000001        0.0000000000000000        383513218465037.81     
   37.149999999999999        0.0000000000000000        403144856887805.19     
   37.200000000000003        0.0000000000000000        423781361470161.62     
   37.250000000000000        0.0000000000000000        445474150329919.94     
   37.300000000000004        0.0000000000000000        468277272945710.31     
   37.350000000000001        0.0000000000000000        492247544704745.00     
   37.399999999999999        0.0000000000000000        517444688337925.56     
   37.450000000000003        0.0000000000000000        543931482593473.94     
   37.500000000000000        0.0000000000000000        571773918518557.12     
   37.550000000000004        0.0000000000000000        601041363737286.75     
   37.600000000000001        0.0000000000000000        631806735133237.62     
   37.649999999999999        0.0000000000000000        664146680365940.62     
   37.700000000000003        0.0000000000000000        698141768672402.50     
   37.750000000000000        0.0000000000000000        733876691428022.50     
   37.800000000000004        0.0000000000000000        771440472965639.12     
   37.850000000000001        0.0000000000000000        810926692176646.75     
   37.899999999999999        0.0000000000000000        852433715445329.25     
   37.950000000000003        0.0000000000000000        896064941495375.00     
   38.000000000000000        0.0000000000000000        941929058757383.00     
   38.050000000000004        0.0000000000000000        990140315897288.38     
   38.100000000000001        0.0000000000000000        1040818806178136.5     
   38.149999999999999        0.0000000000000000        1094090766362296.1     
   38.200000000000003        0.0000000000000000        1150088890897131.8     
   38.250000000000000        0.0000000000000000        1208952662165171.8     
   38.300000000000004        0.0000000000000000        1270828697619938.0     
   38.350000000000001        0.0000000000000000        1335871114670054.8     
   38.399999999999999        0.0000000000000000        1404241914219060.2     
   38.450000000000003        0.0000000000000000        1476111383813891.2     
   38.500000000000000        0.0000000000000000        1551658521404464.8     
   38.550000000000004        0.0000000000000000        1631071480767498.8     
   38.600000000000001        0.0000000000000000        1714548039701614.2     
   38.649999999999999        0.0000000000000000        1802296092157539.0     
   38.700000000000003        0.0000000000000000        1894534165526319.5     
   38.750000000000000        0.0000000000000000        1991491964371276.2     
   38.800000000000004        0.0000000000000000        2093410941954987.5     
   38.850000000000001        0.0000000000000000        2200544900981280.8     
   38.899999999999999        0.0000000000000000        2313160625045549.5     
   38.950000000000003        0.0000000000000000        2431538542362027.5     
   39.000000000000000        0.0000000000000000        2555973423417280.0     
   39.050000000000004        0.0000000000000000        2686775114283839.5     
   39.100000000000001        0.0000000000000000        2824269307415129.5     
   39.149999999999999        0.0000000000000000        2968798351837670.0     
   39.200000000000003        0.0000000000000000        3120722104752414.5     
   39.250000000000000        0.0000000000000000        3280418826661619.5     
   39.300000000000004        0.0000000000000000        3448286122244559.0     
   39.350000000000001        0.0000000000000000        3624741929319258.5     
   39.399999999999999        0.0000000000000000        3810225558346898.5     
   39.450000000000003        0.0000000000000000        4005198785060965.0     
   39.500000000000000        0.0000000000000000        4210146998934563.0     
   39.550000000000004        0.0000000000000000        4425580410339057.0     
   39.600000000000001        0.0000000000000000        4652035319391104.0     
   39.649999999999999        0.0000000000000000        4890075449640208.0     
   39.700000000000003        0.0000000000000000        5140293349907765.0     
   39.750000000000000        0.0000000000000000        5403311867759372.0     
   39.800000000000004        0.0000000000000000        5679785698269174.0     
   39.850000000000001        0.0000000000000000        5970403011920916.0     
   39.899999999999999        0.0000000000000000        6275887165689122.0     
   39.950000000000003        0.0000000000000000        6596998501547027.0     
   40.000000000000000        0.0000000000000000        6934536236867146.0     
   40.050000000000004        0.0000000000000000        7289340451407643.0     
   40.100000000000001        0.0000000000000000        7662294175815825.0     
   40.149999999999999        0.0000000000000000        8054325586834883.0     
   40.200000000000003        0.0000000000000000        8466410314660628.0     
   40.250000000000000        0.0000000000000000        8899573868176653.0     
   40.300000000000004        0.0000000000000000        9354894184086472.0     
   40.350000000000001        0.0000000000000000        9833504306269262.0     
   40.399999999999999        0.0000000000000000        10336595202008478.     
   40.450000000000003        0.0000000000000000        10865418722081334.     
   40.500000000000000        0.0000000000000000        11421290712054968.     
   40.550000000000004        0.0000000000000000        12005594282509202.     
   40.600000000000001        0.0000000000000000        12619783246298780.     
   40.649999999999999        0.0000000000000000        13265385731384632.     
   40.700000000000003        0.0000000000000000        13944007978195342.     
   40.750000000000000        0.0000000000000000        14657338330939778.     
   40.800000000000004        0.0000000000000000        15407151432772428.     
   40.850000000000001        0.0000000000000000        16195312635215664.     
   40.899999999999999        0.0000000000000000        17023782632777036.     
   40.950000000000003        0.0000000000000000        17894622334255918.     
   41.000000000000000        0.0000000000000000        18809997982819460.     
   41.050000000000004        0.0000000000000000        19772186537547092.     
   41.100000000000001        0.0000000000000000        20783581329784348.     
   41.149999999999999        0.0000000000000000        21846698008338104.     
   41.200000000000003        0.0000000000000000        22964180788246636.     
   41.250000000000000        0.0000000000000000        24138809018619832.     
   41.300000000000004        0.0000000000000000        25373504085835180.     
   41.350000000000001        0.0000000000000000        26671336669197380.     
   41.399999999999999        0.0000000000000000        28035534367049096.     
   41.450000000000003        0.0000000000000000        29469489712236180.     
   41.500000000000000        0.0000000000000000        30976768596791668.     
   41.550000000000004        0.0000000000000000        32561119126720512.     
   41.600000000000001        0.0000000000000000        34226480928824544.     
   41.649999999999999        0.0000000000000000        35976994932635324.     
   41.700000000000003        0.0000000000000000        37817013651688072.     
   41.750000000000000        0.0000000000000000        39751111989611616.     
   41.800000000000004        0.0000000000000000        41784098597809384.     
   41.850000000000001        0.0000000000000000        43921027812863952.     
   41.899999999999999        0.0000000000000000        46167212203237832.     
   41.950000000000003        0.0000000000000000        48528235756349360.     
   42.000000000000000        0.0000000000000000        51009967738680968.     
   42.050000000000004        0.0000000000000000        53618577263254816.     
   42.100000000000001        0.0000000000000000        56360548600537672.     
   42.149999999999999        0.0000000000000000        59242697270704008.     
   42.200000000000003        0.0000000000000000        62272186957092752.     
   42.250000000000000        0.0000000000000000        65456547282730168.     
   42.300000000000004        0.0000000000000000        68803692493943160.     
   42.350000000000001        0.0000000000000000        72321941097296608.     
   42.399999999999999        0.0000000000000000        76020036498471984.     
   42.450000000000003        0.0000000000000000        79907168694172464.     
   42.500000000000000        0.0000000000000000        83992997070724704.     
   42.550000000000004        0.0000000000000000        88287674365821360.     
   42.600000000000001        0.0000000000000000        92801871852669952.     
   42.649999999999999        0.0000000000000000        97546805808887664.     
   42.700000000000003        0.0000000000000000        1.0253426533560589E+017
   42.750000000000000        0.0000000000000000        1.0777664159561219E+017
   42.800000000000004        0.0000000000000000        1.1328695854287122E+017
   42.850000000000001        0.0000000000000000        1.1907890521939877E+017
   42.899999999999999        0.0000000000000000        1.2516686969940176E+017
   42.950000000000003        0.0000000000000000        1.3156597476459853E+017
   43.000000000000000        0.0000000000000000        1.3829211539894976E+017
   43.050000000000004        0.0000000000000000        1.4536199819551613E+017
   43.100000000000001        0.0000000000000000        1.5279318277284934E+017
   43.149999999999999        0.0000000000000000        1.6060412530331133E+017
   43.200000000000003        0.0000000000000000        1.6881422426091645E+017
   43.250000000000000        0.0000000000000000        1.7744386850176954E+017
   43.300000000000004        0.0000000000000000        1.8651448779592157E+017
   43.350000000000001        0.0000000000000000        1.9604860593550653E+017
   43.400000000000006        0.0000000000000000        2.0606989655039811E+017
   43.450000000000003        0.0000000000000000        2.1660324176926694E+017
   43.500000000000000        0.0000000000000000        2.2767479387097248E+017
   43.550000000000004        0.0000000000000000        2.3931204007856157E+017
   43.600000000000001        0.0000000000000000        2.5154387065590976E+017
   43.650000000000006        0.0000000000000000        2.6440065047517414E+017
   43.700000000000003        0.0000000000000000        2.7791429423178186E+017
   43.750000000000000        0.0000000000000000        2.9211834549268422E+017
   43.800000000000004        0.0000000000000000        3.0704805977298118E+017
   43.850000000000001        0.0000000000000000        3.2274049184602675E+017
   43.900000000000006        0.0000000000000000        3.3923458750255040E+017
   43.950000000000003        0.0000000000000000        3.5657127998512941E+017
   44.000000000000000        0.0000000000000000        3.7479359133616211E+017
   44.050000000000004        0.0000000000000000        3.9394673890921440E+017
   44.100000000000001        0.0000000000000000        4.1407824730663174E+017
   44.150000000000006        0.0000000000000000        4.3523806601954387E+017
   44.200000000000003        0.0000000000000000        4.5747869306031757E+017
   44.250000000000000        0.0000000000000000        4.8085530489245562E+017
   44.300000000000004        0.0000000000000000        5.0542589297830182E+017
   44.350000000000001        0.0000000000000000        5.3125140728117760E+017
   44.400000000000006        0.0000000000000000        5.5839590707578426E+017
   44.450000000000003        0.0000000000000000        5.8692671943849216E+017
   44.500000000000000        0.0000000000000000        6.1691460580829747E+017
   44.550000000000004        0.0000000000000000        6.4843393702870938E+017
   44.600000000000001        0.0000000000000000        6.8156287730196045E+017
   44.650000000000006        0.0000000000000000        7.1638357750872320E+017
   44.700000000000003        0.0000000000000000        7.5298237836943398E+017
   44.750000000000000        0.0000000000000000        7.9145002394773414E+017
   44.800000000000004        0.0000000000000000        8.3188188602160371E+017
   44.850000000000001        0.0000000000000000        8.7437819987475712E+017
   44.900000000000006        0.0000000000000000        9.1904431208872205E+017
   44.950000000000003        0.0000000000000000        9.6599094094550131E+017
   45.000000000000000        0.0000000000000000        1.0153344500816998E+018
   45.050000000000004        0.0000000000000000        1.0671971360675186E+018
   45.100000000000001        0.0000000000000000        1.1217075306180278E+018
   45.150000000000006        0.0000000000000000        1.1790007181803041E+018
   45.200000000000003        0.0000000000000000        1.2392186696772831E+018
   45.250000000000000        0.0000000000000000        1.3025105932293650E+018
   45.300000000000004        0.0000000000000000        1.3690333027157076E+018
   45.350000000000001        0.0000000000000000        1.4389516050814479E+018
   45.400000000000006        0.0000000000000000        1.5124387073428989E+018
   45.450000000000003        0.0000000000000000        1.5896766442905080E+018
   45.500000000000000        0.0000000000000000        1.6708567279409224E+018
   45.550000000000004        0.0000000000000000        1.7561800198418732E+018
   45.600000000000001        0.0000000000000000        1.8458578273899766E+018
   45.650000000000006        0.0000000000000000        1.9401122253805676E+018
   45.700000000000003        0.0000000000000000        2.0391766040694502E+018
   45.750000000000000        0.0000000000000000        2.1432962450925860E+018
   45.800000000000004        0.0000000000000000        2.2527289266566016E+018
   45.850000000000001        0.0000000000000000        2.3677455594853550E+018
   45.900000000000006        0.0000000000000000        2.4886308550829046E+018
   45.950000000000003        0.0000000000000000        2.6156840279515172E+018
   46.000000000000000        0.0000000000000000        2.7492195334871951E+018
   46.050000000000004        0.0000000000000000        2.8895678433616937E+018
   46.100000000000001        0.0000000000000000        3.0370762602913864E+018
   46.150000000000006        0.0000000000000000        3.1921097741906765E+018
   46.200000000000003        0.0000000000000000        3.3550519618063601E+018
   46.250000000000000        0.0000000000000000        3.5263059320381194E+018
   46.300000000000004        0.0000000000000000        3.7062953192590700E+018
   46.350000000000001        0.0000000000000000        3.8954653270694610E+018
   46.400000000000006        0.0000000000000000        4.0942838250385162E+018
   46.450000000000003        0.0000000000000000        4.3032425011176924E+018
   46.500000000000000        0.0000000000000000        4.5228580725465907E+018
   46.550000000000004        0.0000000000000000        4.7536735582119547E+018
   46.600000000000001        0.0000000000000000        4.9962596155729152E+018
   46.650000000000006        0.0000000000000000        5.2512159454208113E+018
   46.700000000000003        0.0000000000000000        5.5191727679061381E+018
   46.750000000000000        0.0000000000000000        5.8007923734420429E+018
   46.800000000000004        0.0000000000000000        6.0967707522709484E+018
   46.850000000000001        0.0000000000000000        6.4078393066757601E+018
   46.900000000000006        0.0000000000000000        6.7347666500167270E+018
   46.950000000000003        0.0000000000000000        7.0783604969837629E+018
   47.000000000000000        0.0000000000000000        7.4394696496793938E+018
   47.050000000000004        0.0000000000000000        7.8189860843764029E+018
   47.100000000000001        0.0000000000000000        8.2178471440400988E+018
   47.150000000000006        0.0000000000000000        8.6370378419607757E+018
   47.200000000000003        0.0000000000000000        9.0775932821121198E+018
   47.250000000000000        0.0000000000000000        9.5406012021330330E+018
   47.300000000000004        0.0000000000000000        1.0027204645127713E+019
   47.350000000000001        0.0000000000000000        1.0538604766789122E+019
   47.400000000000006        0.0000000000000000        1.1076063784682680E+019
   47.450000000000003        0.0000000000000000        1.1640908076863076E+019
   47.500000000000000        0.0000000000000000        1.2234531437367343E+019
   47.550000000000004        0.0000000000000000        1.2858398496498063E+019
   47.600000000000001        0.0000000000000000        1.3514048314211602E+019
   47.650000000000006        0.0000000000000000        1.4203098155348122E+019
   47.700000000000003        0.0000000000000000        1.4927247455868688E+019
   47.750000000000000        0.0000000000000000        1.5688281989737458E+019
   47.800000000000004        0.0000000000000000        1.6488078246560510E+019
   47.850000000000001        0.0000000000000000        1.7328608030603440E+019
   47.900000000000006        0.0000000000000000        1.8211943292348508E+019
   47.950000000000003        0.0000000000000000        1.9140261204299878E+019
   48.000000000000000        0.0000000000000000        2.0115849493343916E+019
   48.050000000000004        0.0000000000000000        2.1141112042582200E+019
   48.100000000000001        0.0000000000000000        2.2218574776201941E+019
   48.150000000000006        0.0000000000000000        2.3350891841631121E+019
   48.200000000000003        0.0000000000000000        2.4540852103935046E+019
   48.250000000000000        0.0000000000000000        2.5791385968162468E+019
   48.300000000000004        0.0000000000000000        2.7105572546131550E+019
   48.350000000000001        0.0000000000000000        2.8486647184975913E+019
   48.400000000000006        0.0000000000000000        2.9938009375631270E+019
   48.450000000000003        0.0000000000000000        3.1463231060352532E+019
   48.500000000000000        0.0000000000000000        3.3066065359309541E+019
   48.550000000000004        0.0000000000000000        3.4750455737303749E+019
   48.600000000000001        0.0000000000000000        3.6520545632696889E+019
   48.650000000000006        0.0000000000000000        3.8380688571759673E+019
   48.700000000000003        0.0000000000000000        4.0335458792778891E+019
   48.750000000000000        0.0000000000000000        4.2389662405502132E+019
   48.800000000000004        0.0000000000000000        4.4548349112754938E+019
   48.850000000000001        0.0000000000000000        4.6816824522402226E+019
   48.900000000000006        0.0000000000000000        4.9200663079242613E+019
   48.950000000000003        0.0000000000000000        5.1705721647870018E+019
   49.000000000000000        0.0000000000000000        5.4338153779106652E+019
   49.050000000000004        0.0000000000000000        5.7104424694214410E+019
   49.100000000000001        0.0000000000000000        6.0011327022784922E+019
   49.150000000000006        0.0000000000000000        6.3065997332012999E+019
   49.200000000000003        0.0000000000000000        6.6275933486907580E+019
   49.250000000000000        0.0000000000000000        6.9649012882953871E+019
   49.300000000000004        0.0000000000000000        7.3193511594815750E+019
   49.350000000000001        0.0000000000000000        7.6918124486798410E+019
   49.400000000000006        0.0000000000000000        8.0831986333082305E+019
   49.450000000000003        0.0000000000000000        8.4944693998082900E+019
   49.500000000000000        0.0000000000000000        8.9266329729804222E+019
   49.550000000000004        0.0000000000000000        9.3807485621640970E+019
   49.600000000000001        0.0000000000000000        9.8579289300834206E+019
   49.650000000000006        0.0000000000000000        1.0359343090467342E+020
   49.700000000000003        0.0000000000000000        1.0886219140847534E+020
   49.750000000000000        0.0000000000000000        1.1439847237261538E+020
   49.800000000000004        0.0000000000000000        1.2021582717913906E+020
   49.850000000000001        0.0000000000000000        1.2632849383193733E+020
   49.900000000000006        0.0000000000000000        1.3275142939815939E+020
   49.950000000000003        0.0000000000000000        1.3950034617226348E+020
   50.000000000000000        0.0000000000000000        1.4659174964819624E+020
   50.050000000000004        0.0000000000000000        1.5404297838925686E+020
   50.100000000000001        0.0000000000000000        1.6187224588971924E+020
   50.150000000000006        0.0000000000000000        1.7009868452673382E+020
   50.200000000000003        0.0000000000000000        1.7874239170600160E+020
   50.250000000000000        0.0000000000000000        1.8782447830958496E+020
   50.300000000000004        0.0000000000000000        1.9736711955966316E+020
   50.350000000000001        0.0000000000000000        2.0739360841746835E+020
   50.400000000000006        0.0000000000000000        2.1792841164248236E+020
   50.450000000000003        0.0000000000000000        2.2899722864297476E+020
   50.500000000000000        0.0000000000000000        2.4062705325549807E+020
   50.550000000000004        0.0000000000000000        2.5284623859736517E+020
   50.600000000000001        0.0000000000000000        2.6568456514330984E+020
   50.650000000000006        0.0000000000000000        2.7917331218475011E+020
   50.700000000000003        0.0000000000000000        2.9334533283767104E+020
   50.750000000000000        0.0000000000000000        3.0823513277323870E+020
   50.800000000000004        0.0000000000000000        3.2387895285356803E+020
   50.850000000000001        0.0000000000000000        3.4031485586380430E+020
   50.900000000000006        0.0000000000000000        3.5758281754090517E+020
   50.950000000000003        0.0000000000000000        3.7572482210908707E+020
   51.000000000000000        0.0000000000000000        3.9478496254185931E+020
   51.050000000000004        0.0000000000000000        4.1480954578114399E+020
   51.100000000000001        0.0000000000000000        4.3584720315489590E+020
   51.150000000000006        0.0000000000000000        4.5794900624622420E+020
   51.200000000000003        0.0000000000000000        4.8116858847875740E+020
   51.250000000000000        0.0000000000000000        5.0556227269587540E+020
   51.300000000000004        0.0000000000000000        5.3118920502415832E+020
   51.350000000000001        0.0000000000000000        5.5811149532548157E+020
   51.400000000000006        0.0000000000000000        5.8639436455617056E+020
   51.450000000000003        0.0000000000000000        6.1610629936663311E+020
   51.500000000000000        0.0000000000000000        6.4731921429076548E+020
   51.550000000000004        0.0000000000000000        6.8010862189029635E+020
   51.600000000000001        0.0000000000000000        7.1455381123644798E+020
   51.650000000000006        0.0000000000000000        7.5073803512919084E+020
   51.700000000000003        0.0000000000000000        7.8874870647249673E+020
   51.750000000000000        0.0000000000000000        8.2867760424375930E+020
   51.800000000000004        0.0000000000000000        8.7062108951527817E+020
   51.850000000000001        0.0000000000000000        9.1468033200697495E+020
   51.900000000000006        0.0000000000000000        9.6096154767123559E+020
   51.950000000000003        0.0000000000000000        1.0095762478338072E+021
   52.000000000000000        0.0000000000000000        1.0606415004378964E+021
   52.050000000000004        0.0000000000000000        1.1142802039641440E+021
   52.100000000000001        0.0000000000000000        1.1706213746241017E+021
   52.150000000000006        0.0000000000000000        1.2298004474520202E+021
   52.200000000000003        0.0000000000000000        1.2919595919476657E+021
   52.250000000000000        0.0000000000000000        1.3572480429514304E+021
   52.300000000000004        0.0000000000000000        1.4258224474636002E+021
   52.350000000000001        0.0000000000000000        1.4978472281503910E+021
   52.400000000000006        0.0000000000000000        1.5734949643124172E+021
   52.450000000000003        0.0000000000000000        1.6529467911236383E+021
   52.500000000000000        0.0000000000000000        1.7363928179855443E+021
   52.550000000000004        0.0000000000000000        1.8240325668761567E+021
   52.600000000000001        0.0000000000000000        1.9160754316107522E+021
   52.650000000000006        0.0000000000000000        2.0127411589711827E+021
   52.700000000000003        0.0000000000000000        2.1142603526993970E+021
   52.750000000000000        0.0000000000000000        2.2208750013928980E+021
   52.800000000000004        0.0000000000000000        2.3328390313825180E+021
   52.850000000000001        0.0000000000000000        2.4504188857168518E+021
   52.900000000000006        0.0000000000000000        2.5738941304228471E+021
   52.950000000000003        0.0000000000000000        2.7035580892593599E+021
   53.000000000000000        0.0000000000000000        2.8397185082281857E+021
   53.050000000000004        0.0000000000000000        2.9826982511565619E+021
   53.100000000000001        0.0000000000000000        3.1328360277152907E+021
   53.150000000000006        0.0000000000000000        3.2904871552891811E+021
   53.200000000000003        0.0000000000000000        3.4560243561687485E+021
   53.250000000000000        0.0000000000000000        3.6298385915866314E+021
   53.300000000000004        0.0000000000000000        3.8123399341766533E+021
   53.350000000000001        0.0000000000000000        4.0039584804899169E+021
   53.400000000000006        0.0000000000000000        4.2051453052580638E+021
   53.450000000000003        0.0000000000000000        4.4163734591524978E+021
   53.500000000000000        0.0000000000000000        4.6381390118437881E+021
   53.550000000000004        0.0000000000000000        4.8709621422256659E+021
   53.600000000000001        0.0000000000000000        5.1153882777242630E+021
   53.650000000000006        0.0000000000000000        5.3719892846710075E+021
   53.700000000000003        0.0000000000000000        5.6413647117749867E+021
   53.750000000000000        0.0000000000000000        5.9241430887859938E+021
   53.800000000000004        0.0000000000000000        6.2209832824938126E+021
   53.850000000000001        0.0000000000000000        6.5325759122643249E+021
   53.900000000000006        0.0000000000000000        6.8596448273592599E+021
   53.950000000000003        0.0000000000000000        7.2029486483362556E+021
   54.000000000000000        0.0000000000000000        7.5632823748721744E+021
   54.050000000000004        0.0000000000000000        7.9414790623855127E+021
   54.100000000000001        0.0000000000000000        8.3384115698741847E+021
   54.150000000000006        0.0000000000000000        8.7549943814118252E+021
   54.200000000000003        0.0000000000000000        9.1921855037592054E+021
   54.250000000000000        0.0000000000000000        9.6509884425742781E+021
   54.300000000000004        0.0000000000000000        1.0132454259688496E+022
   54.350000000000001        0.0000000000000000        1.0637683713925227E+022
   54.400000000000006        0.0000000000000000        1.1167829487902333E+022
   54.450000000000003        0.0000000000000000        1.1724098503222917E+022
   54.500000000000000        0.0000000000000000        1.2307754326422148E+022
   54.550000000000004        0.0000000000000000        1.2920119667932602E+022
   54.600000000000001        0.0000000000000000        1.3562578976268383E+022
   54.650000000000006        0.0000000000000000        1.4236581129477945E+022
   54.700000000000003        0.0000000000000000        1.4943642225785770E+022
   54.750000000000000        0.0000000000000000        1.5685348475149234E+022
   54.800000000000004        0.0000000000000000        1.6463359193242191E+022
   54.850000000000001        0.0000000000000000        1.7279409899113005E+022
   54.900000000000006        0.0000000000000000        1.8135315517464688E+022
   54.950000000000003        0.0000000000000000        1.9032973686131674E+022
   55.000000000000000        0.0000000000000000        1.9974368168925788E+022
   55.050000000000004        0.0000000000000000        2.0961572373522922E+022
   55.100000000000001        0.0000000000000000        2.1996752973512349E+022
   55.150000000000006        0.0000000000000000        2.3082173633082285E+022
   55.200000000000003        0.0000000000000000        2.4220198832074647E+022
   55.250000000000000        0.0000000000000000        2.5413297788307856E+022
   55.300000000000004        0.0000000000000000        2.6664048473088293E+022
   55.350000000000001        0.0000000000000000        2.7975141714739214E+022
   55.400000000000006        0.0000000000000000        2.9349385383756259E+022
   55.450000000000003        0.0000000000000000        3.0789708651723741E+022
   55.500000000000000        0.0000000000000000        3.2299166314597848E+022
   55.550000000000004        0.0000000000000000        3.3880943169093990E+022
   55.600000000000001        0.0000000000000000        3.5538358428890294E+022
   55.650000000000006        0.0000000000000000        3.7274870165031812E+022
   55.700000000000003        0.0000000000000000        3.9094079752315299E+022
   55.750000000000000        0.0000000000000000        4.0999736300475519E+022
   55.800000000000004        0.0000000000000000        4.2995741045670887E+022
   55.850000000000001        0.0000000000000000        4.5086151674006855E+022
   55.900000000000006        0.0000000000000000        4.7275186544616818E+022
   55.950000000000003        0.0000000000000000        4.9567228775060329E+022
   56.000000000000000        0.0000000000000000        5.1966830146426210E+022
   56.050000000000004        0.0000000000000000        5.4478714779471517E+022
   56.100000000000001        0.0000000000000000        5.7107782526354688E+022
   56.150000000000006        0.0000000000000000        5.9859112014842723E+022
   56.200000000000003        0.0000000000000000        6.2737963273161877E+022
   56.250000000000000        0.0000000000000000        6.5749779854066281E+022
   56.300000000000004        0.0000000000000000        6.8900190365581419E+022
   56.350000000000001        0.0000000000000000        7.2195009303535117E+022
   56.400000000000006        0.0000000000000000        7.5640237067138901E+022
   56.450000000000003        0.0000000000000000        7.9242059022901443E+022
   56.500000000000000        0.0000000000000000        8.3006843464571750E+022
   56.550000000000004        0.0000000000000000        8.6941138296538814E+022
   56.600000000000001        0.0000000000000000        9.1051666245492710E+022
   56.650000000000006        0.0000000000000000        9.5345318379276705E+022
   56.700000000000003        0.0000000000000000        9.9829145682880454E+022
   56.750000000000000        0.0000000000000000        1.0451034840838092E+023
   56.800000000000004        0.0000000000000000        1.0939626287825788E+023
   56.850000000000001        0.0000000000000000        1.1449434537891091E+023
   56.900000000000006        0.0000000000000000        1.1981215273293985E+023
   56.950000000000003        0.0000000000000000        1.2535731908373148E+023
   57.000000000000000        0.0000000000000000        1.3113752836332508E+023
   57.050000000000004        0.0000000000000000        1.3716048184312469E+023
   57.100000000000001        0.0000000000000000        1.4343386008523288E+023
   57.150000000000006        0.0000000000000000        1.4996527851953724E+023
   57.200000000000003        0.0000000000000000        1.5676223576441507E+023
   57.250000000000000        0.0000000000000000        1.6383205368708974E+023
   57.300000000000004        0.0000000000000000        1.7118180805875664E+023
   57.350000000000001        0.0000000000000000        1.7881824849866344E+023
   57.400000000000006        0.0000000000000000        1.8674770621513115E+023
   57.450000000000003        0.0000000000000000        1.9497598783682830E+023
   57.500000000000000        0.0000000000000000        2.0350825337990158E+023
   57.550000000000004        0.0000000000000000        2.1234887610971840E+023
   57.600000000000001        0.0000000000000000        2.2150128172265783E+023
   57.650000000000006        0.0000000000000000        2.3096776388672844E+023
   57.700000000000003        0.0000000000000000        2.4074927273012708E+023
   57.750000000000000        0.0000000000000000        2.5084517234026736E+023
   57.800000000000004        0.0000000000000000        2.6125296272288210E+023
   57.850000000000001        0.0000000000000000        2.7196796095148091E+023
   57.900000000000006        0.0000000000000000        2.8298293539343993E+023
   57.950000000000003        0.0000000000000000        2.9428768590858896E+023
   58.000000000000000        0.0000000000000000        3.0586856174733641E+023
   58.050000000000004        0.0000000000000000        3.1770790750046287E+023
   58.100000000000001        0.0000000000000000        3.2978342582702092E+023
   58.150000000000006        0.0000000000000000        3.4206744376908979E+023
   58.200000000000003        0.0000000000000000        3.5452606719471367E+023
   58.250000000000000        0.0000000000000000        3.6711820523866666E+023
   58.300000000000004        0.0000000000000000        3.7979444346313400E+023
   58.350000000000001        0.0000000000000000        3.9249574077997034E+023
   58.400000000000006        0.0000000000000000        4.0515192089729812E+023
   58.450000000000003        0.0000000000000000        4.1767992416123607E+023
   58.500000000000000        0.0000000000000000        4.2998178019143882E+023
   58.550000000000004        0.0000000000000000        4.4194225584991978E+023
   58.600000000000001        0.0000000000000000        4.5342612729427928E+023
   58.650000000000006        0.0000000000000000        4.6427502016298116E+023
   58.700000000000003        0.0000000000000000        4.7430376033963647E+023
   58.750000000000000        0.0000000000000000        4.8329618327755372E+023
   58.800000000000004        0.0000000000000000        4.9100037031899749E+023
   58.850000000000001        0.0000000000000000        4.9712333108675199E+023
   58.900000000000006        0.0000000000000000        5.0132526186268278E+023
   58.950000000000003        0.0000000000000000        5.0321374094139207E+023
