  0.10000000000000001       0.26678166225817190     
  0.15000000000000002       0.26665434151218337     
  0.20000000000000001       0.26648931040974100     
  0.25000000000000000       0.26629187368925911     
  0.30000000000000004       0.26606660592010556     
  0.35000000000000003       0.26581744940343788     
  0.40000000000000002       0.26554779946508211     
  0.45000000000000001       0.26526057893734784     
  0.50000000000000000       0.26495830279323518     
  0.55000000000000004       0.26464313425642005     
  0.60000000000000009       0.26431693340291357     
  0.65000000000000002       0.26398129921583285     
  0.70000000000000007       0.26363760591252566     
  0.75000000000000000       0.26328703427097383     
  0.80000000000000004       0.26293059870769858     
  0.85000000000000009       0.26256917059091428     
  0.90000000000000002       0.26220349826310130     
  0.95000000000000007       0.26183422440207554     
   1.0000000000000000       0.26146190086504523     
   1.0500000000000000       0.26108700150430542     
   1.1000000000000001       0.26070993308541562     
   1.1500000000000001       0.26033104486974773     
   1.2000000000000002       0.25995063662954210     
   1.2500000000000000       0.25956896575349858     
   1.3000000000000000       0.25918625312967941     
   1.3500000000000001       0.25880268834598358     
   1.4000000000000001       0.25841843418549559     
   1.4500000000000002       0.25803363031781285     
   1.5000000000000000       0.25764839664707911     
   1.5500000000000000       0.25726283605489098     
   1.6000000000000001       0.25687703685795732     
   1.6500000000000001       0.25649107486110212     
   1.7000000000000002       0.25610501508895261     
   1.7500000000000000       0.25571891336092761     
   1.8000000000000000       0.25533281761008730     
   1.8500000000000001       0.25494676893909951     
   1.9000000000000001       0.25456080262108727     
   1.9500000000000002       0.25417494893758424     
   2.0000000000000000       0.25378923387223379     
   2.0500000000000003       0.25340367972985017     
   2.1000000000000001       0.25301830564263089     
   2.1499999999999999       0.25263312803187804     
   2.2000000000000002       0.25224816098567959     
   2.2500000000000000       0.25186341657750833     
   2.3000000000000003       0.25147890523059013     
   2.3500000000000001       0.25109463582977631     
   2.4000000000000004       0.25071061599692884     
   2.4500000000000002       0.25032685230401547     
   2.5000000000000000       0.24994335037235627     
   2.5500000000000003       0.24956011503607581     
   2.6000000000000001       0.24917715044062749     
   2.6500000000000004       0.24879446014490872     
   2.7000000000000002       0.24841204719740018     
   2.7500000000000000       0.24802991421883533     
   2.8000000000000003       0.24764806344016901     
   2.8500000000000001       0.24726649680171561     
   2.9000000000000004       0.24688521596269028     
   2.9500000000000002       0.24650422231930080     
   3.0000000000000000       0.24612351711181529     
   3.0500000000000003       0.24574310136150909     
   3.1000000000000001       0.24536297598917639     
   3.1500000000000004       0.24498314173759739     
   3.2000000000000002       0.24460359929505118     
   3.2500000000000000       0.24422434920912123     
   3.3000000000000003       0.24384539195893062     
   3.3500000000000001       0.24346672798247970     
   3.4000000000000004       0.24308835761967451     
   3.4500000000000002       0.24271028118385182     
   3.5000000000000000       0.24233249891913328     
   3.5500000000000003       0.24195501108381198     
   3.6000000000000001       0.24157781785999105     
   3.6500000000000004       0.24120091941370100     
   3.7000000000000002       0.24082431587633049     
   3.7500000000000000       0.24044800736757960     
   3.8000000000000003       0.24007199399266477     
   3.8500000000000001       0.23969627585231365     
   3.9000000000000004       0.23932085301039399     
   3.9500000000000002       0.23894572551823182     
   4.0000000000000000       0.23857089346249449     
   4.0499999999999998       0.23819635689243190     
   4.1000000000000005       0.23782211583525029     
   4.1500000000000004       0.23744817032882143     
   4.2000000000000002       0.23707452039276553     
   4.2500000000000000       0.23670116605101232     
   4.2999999999999998       0.23632810734150883     
   4.3500000000000005       0.23595534427016115     
   4.4000000000000004       0.23558287685765894     
   4.4500000000000002       0.23521070511714712     
   4.5000000000000000       0.23483882906825579     
   4.5499999999999998       0.23446724870582411     
   4.6000000000000005       0.23409596403378397     
   4.6500000000000004       0.23372497507249862     
   4.7000000000000002       0.23335428183201437     
   4.7500000000000000       0.23298388430244399     
   4.8000000000000007       0.23261378248426745     
   4.8500000000000005       0.23224397638955116     
   4.9000000000000004       0.23187446602364475     
   4.9500000000000002       0.23150525138581010     
   5.0000000000000000       0.23113633248207766     
   5.0500000000000007       0.23076770930379595     
   5.1000000000000005       0.23039938185211636     
   5.1500000000000004       0.23003135012380566     
   5.2000000000000002       0.22966361412419650     
   5.2500000000000000       0.22929617385626741     
   5.3000000000000007       0.22892902932652590     
   5.3500000000000005       0.22856218050815358     
   5.4000000000000004       0.22819562741911961     
   5.4500000000000002       0.22782937005545145     
   5.5000000000000000       0.22746340843380505     
   5.5500000000000007       0.22709774253019943     
   5.6000000000000005       0.22673237235465127     
   5.6500000000000004       0.22636729790335705     
   5.7000000000000002       0.22600251916166725     
   5.7500000000000000       0.22563803614434530     
   5.8000000000000007       0.22527384885819937     
   5.8500000000000005       0.22490995728508867     
   5.9000000000000004       0.22454636142914838     
   5.9500000000000002       0.22418306129401083     
   6.0000000000000000       0.22382005688827933     
   6.0500000000000007       0.22345734817012650     
   6.1000000000000005       0.22309493516957321     
   6.1500000000000004       0.22273281789034793     
   6.2000000000000002       0.22237099631768226     
   6.2500000000000000       0.22200947045335834     
   6.3000000000000007       0.22164824030164773     
   6.3500000000000005       0.22128730585469478     
   6.4000000000000004       0.22092666711212469     
   6.4500000000000002       0.22056632406439128     
   6.5000000000000000       0.22020627673120519     
   6.5500000000000007       0.21984652508708591     
   6.6000000000000005       0.21948706913521090     
   6.6500000000000004       0.21912790889026956     
   6.7000000000000002       0.21876904434328120     
   6.7500000000000000       0.21841047548841325     
   6.8000000000000007       0.21805220233270750     
   6.8500000000000005       0.21769422487296858     
   6.9000000000000004       0.21733654310133968     
   6.9500000000000002       0.21697915702751250     
   7.0000000000000000       0.21662206664326294     
   7.0500000000000007       0.21626527193610345     
   7.1000000000000005       0.21590877291276830     
   7.1500000000000004       0.21555256957333147     
   7.2000000000000002       0.21519666192057119     
   7.2500000000000000       0.21484104994430017     
   7.3000000000000007       0.21448573364344140     
   7.3500000000000005       0.21413071302549547     
   7.4000000000000004       0.21377598809116125     
   7.4500000000000002       0.21342155883109790     
   7.5000000000000000       0.21306742523313452     
   7.5500000000000007       0.21271358731424250     
   7.6000000000000005       0.21236004507388120     
   7.6500000000000004       0.21200679849125206     
   7.7000000000000002       0.21165384756766831     
   7.7500000000000000       0.21130119232628872     
   7.8000000000000007       0.21094883274475948     
   7.8500000000000005       0.21059676882649256     
   7.9000000000000004       0.21024500058112253     
   7.9500000000000002       0.20989352798416985     
   8.0000000000000000       0.20954235104776697     
   8.0500000000000007       0.20919146976632833     
   8.0999999999999996       0.20884088414492705     
   8.1500000000000004       0.20849059417722596     
   8.2000000000000011       0.20814059986525743     
   8.2500000000000000       0.20779090121877533     
   8.3000000000000007       0.20744149820309959     
   8.3499999999999996       0.20709239083944347     
   8.4000000000000004       0.20674357912629113     
   8.4500000000000011       0.20639506305958411     
   8.5000000000000000       0.20604684262824596     
   8.5500000000000007       0.20569891784445909     
   8.5999999999999996       0.20535128871287614     
   8.6500000000000004       0.20500395522287482     
   8.7000000000000011       0.20465691736470096     
   8.7500000000000000       0.20431017513515656     
   8.8000000000000007       0.20396372855282136     
   8.8499999999999996       0.20361757759931415     
   8.9000000000000004       0.20327172226717716     
   8.9500000000000011       0.20292616257456075     
   9.0000000000000000       0.20258089851053399     
   9.0500000000000007       0.20223593007600241     
   9.0999999999999996       0.20189125726818127     
   9.1500000000000004       0.20154688007710639     
   9.2000000000000011       0.20120279851282399     
   9.2500000000000000       0.20085901257748306     
   9.3000000000000007       0.20051552225168942     
   9.3499999999999996       0.20017232755066472     
   9.4000000000000004       0.19982942846675306     
   9.4500000000000011       0.19948682499444834     
   9.5000000000000000       0.19914451713245832     
   9.5500000000000007       0.19880250488901399     
   9.6000000000000014       0.19846078825071764     
   9.6500000000000004       0.19811936722255827     
   9.7000000000000011       0.19777824180736908     
   9.7500000000000000       0.19743741199525316     
   9.8000000000000007       0.19709687779298016     
   9.8500000000000014       0.19675663918949368     
   9.9000000000000004       0.19641669618799440     
   9.9500000000000011       0.19607704878757962     
   10.000000000000000       0.19573769697816726     
   10.050000000000001       0.19539864076904090     
   10.100000000000001       0.19505988015771122     
   10.150000000000000       0.19472141514460450     
   10.200000000000001       0.19438324571871321     
   10.250000000000000       0.19404537188779614     
   10.300000000000001       0.19370779364026885     
   10.350000000000001       0.19337051098384245     
   10.400000000000000       0.19303352390243594     
   10.450000000000001       0.19269683241685948     
   10.500000000000000       0.19236043649887538     
   10.550000000000001       0.19202433616580869     
   10.600000000000001       0.19168853140302128     
   10.650000000000000       0.19135302222552042     
   10.700000000000001       0.19101780863306805     
   10.750000000000000       0.19068289060138044     
   10.800000000000001       0.19034826815151598     
   10.850000000000001       0.19001394126760748     
   10.900000000000000       0.18967990995574097     
   10.950000000000001       0.18934617421336333     
   11.000000000000000       0.18901273403247565     
   11.050000000000001       0.18867958942778248     
   11.100000000000001       0.18834674037633883     
   11.150000000000000       0.18801418687289626     
   11.200000000000001       0.18768192893744268     
   11.250000000000000       0.18734996656764213     
   11.300000000000001       0.18701829976048864     
   11.350000000000001       0.18668692849815843     
   11.400000000000000       0.18635585279549438     
   11.450000000000001       0.18602507264146378     
   11.500000000000000       0.18569458802892480     
   11.550000000000001       0.18536439895704951     
   11.600000000000001       0.18503450544238501     
   11.650000000000000       0.18470490747187296     
   11.700000000000001       0.18437560505435796     
   11.750000000000000       0.18404659816416047     
   11.800000000000001       0.18371788681796464     
   11.850000000000001       0.18338947100972169     
   11.900000000000000       0.18306135073942265     
   11.950000000000001       0.18273352599978251     
   12.000000000000000       0.18240599679336861     
   12.050000000000001       0.18207876312252441     
   12.100000000000001       0.18175182498323900     
   12.150000000000000       0.18142518236505525     
   12.200000000000001       0.18109883527809414     
   12.250000000000000       0.18077278370179750     
   12.300000000000001       0.18044702766217294     
   12.350000000000001       0.18012156713272987     
   12.400000000000000       0.17979640212750611     
   12.450000000000001       0.17947153264151341     
   12.500000000000000       0.17914695866261368     
   12.550000000000001       0.17882268020892161     
   12.600000000000001       0.17849869726488832     
   12.650000000000000       0.17817500982338502     
   12.700000000000001       0.17785161789334070     
   12.750000000000000       0.17752852147383161     
   12.800000000000001       0.17720572055859182     
   12.850000000000001       0.17688321515112032     
   12.900000000000000       0.17656100524559387     
   12.950000000000001       0.17623909084046294     
   13.000000000000000       0.17591747193816790     
   13.050000000000001       0.17559614851945041     
   13.100000000000001       0.17527512059342301     
   13.150000000000000       0.17495438816896328     
   13.200000000000001       0.17463395123849509     
   13.250000000000000       0.17431380980268502     
   13.300000000000001       0.17399396384874530     
   13.350000000000001       0.17367441337492129     
   13.400000000000000       0.17335515838550178     
   13.450000000000001       0.17303619888179347     
   13.500000000000000       0.17271753485652097     
   13.550000000000001       0.17239916631400304     
   13.600000000000001       0.17208109323646234     
   13.650000000000000       0.17176331563576952     
   13.700000000000001       0.17144583350975801     
   13.750000000000000       0.17112864685759818     
   13.800000000000001       0.17081175568124182     
   13.850000000000001       0.17049515997195358     
   13.900000000000000       0.17017885972614022     
   13.950000000000001       0.16986285494806305     
   14.000000000000000       0.16954714562998202     
   14.050000000000001       0.16923173177017814     
   14.100000000000001       0.16891661336964070     
   14.150000000000000       0.16860179042552381     
   14.200000000000001       0.16828726293750945     
   14.250000000000000       0.16797303090464150     
   14.300000000000001       0.16765909431885187     
   14.350000000000001       0.16734545318197158     
   14.400000000000000       0.16703210750414735     
   14.450000000000001       0.16671905726631128     
   14.500000000000000       0.16640630248008453     
   14.550000000000001       0.16609384312862568     
   14.600000000000001       0.16578167922122530     
   14.650000000000000       0.16546981074610234     
   14.700000000000001       0.16515823771852253     
   14.750000000000000       0.16484696011793146     
   14.800000000000001       0.16453597795187028     
   14.850000000000001       0.16422529121569421     
   14.900000000000000       0.16391489990711566     
   14.950000000000001       0.16360480402052760     
   15.000000000000000       0.16329500356377774     
   15.050000000000001       0.16298549853194755     
   15.100000000000001       0.16267628892919703     
   15.150000000000000       0.16236737474050505     
   15.200000000000001       0.16205875597128239     
   15.250000000000000       0.16175043261129121     
   15.300000000000001       0.16144240466630363     
   15.350000000000001       0.16113467213677449     
   15.400000000000000       0.16082723501409382     
   15.450000000000001       0.16052009330198139     
   15.500000000000000       0.16021324698934497     
   15.550000000000001       0.15990669608210820     
   15.600000000000001       0.15960044058195574     
   15.650000000000000       0.15929448048400210     
   15.700000000000001       0.15898881578869797     
   15.750000000000000       0.15868344649019558     
   15.800000000000001       0.15837837258784832     
   15.850000000000001       0.15807359407280350     
   15.900000000000000       0.15776911095130675     
   15.950000000000001       0.15746492321841757     
   16.000000000000000       0.15716103087183061     
   16.050000000000001       0.15685743391018281     
   16.100000000000001       0.15655413232936630     
   16.150000000000002       0.15625112612501413     
   16.199999999999999       0.15594841530928669     
   16.250000000000000       0.15564599986985539     
   16.300000000000001       0.15534387980783318     
   16.350000000000001       0.15504205511306374     
   16.400000000000002       0.15474052579675152     
   16.449999999999999       0.15443929184243479     
   16.500000000000000       0.15413835325939540     
   16.550000000000001       0.15383771003546406     
   16.600000000000001       0.15353736217358196     
   16.650000000000002       0.15323730968079113     
   16.699999999999999       0.15293755254842595     
   16.750000000000000       0.15263809076724222     
   16.800000000000001       0.15233892434480262     
   16.850000000000001       0.15204005327699452     
   16.900000000000002       0.15174147755236536     
   16.949999999999999       0.15144319718102928     
   17.000000000000000       0.15114521216036969     
   17.050000000000001       0.15084752248241839     
   17.100000000000001       0.15055012814788510     
   17.150000000000002       0.15025302915184210     
   17.199999999999999       0.14995622548905541     
   17.250000000000000       0.14965971716688992     
   17.300000000000001       0.14936350418562525     
   17.350000000000001       0.14906758653248248     
   17.400000000000002       0.14877196420220593     
   17.449999999999999       0.14847663720955118     
   17.500000000000000       0.14818160554365944     
   17.550000000000001       0.14788686920012223     
   17.600000000000001       0.14759242818214421     
   17.650000000000002       0.14729828248099697     
   17.699999999999999       0.14700443210384248     
   17.750000000000000       0.14671087703528524     
   17.800000000000001       0.14641761728087260     
   17.850000000000001       0.14612465284037371     
   17.900000000000002       0.14583198370825587     
   17.949999999999999       0.14553960988225120     
   18.000000000000000       0.14524753135987525     
   18.050000000000001       0.14495574813628040     
   18.100000000000001       0.14466426022058457     
   18.150000000000002       0.14437306760867077     
   18.199999999999999       0.14408217029409659     
   18.250000000000000       0.14379156827419320     
   18.300000000000001       0.14350126154385998     
   18.350000000000001       0.14321125010154415     
   18.400000000000002       0.14292153395291995     
   18.449999999999999       0.14263211308460993     
   18.500000000000000       0.14234298750797231     
   18.550000000000001       0.14205415720267006     
   18.600000000000001       0.14176562218122632     
   18.650000000000002       0.14147738243202854     
   18.699999999999999       0.14118943795572914     
   18.750000000000000       0.14090178876730730     
   18.800000000000001       0.14061443484258493     
   18.850000000000001       0.14032737619138602     
   18.900000000000002       0.14004061279921767     
   18.949999999999999       0.13975414467390687     
   19.000000000000000       0.13946797181004328     
   19.050000000000001       0.13918209420228408     
   19.100000000000001       0.13889651186010163     
   19.150000000000002       0.13861122477368412     
   19.200000000000003       0.13832623294010174     
   19.250000000000000       0.13804153636380706     
   19.300000000000001       0.13775713502879858     
   19.350000000000001       0.13747302894133417     
   19.400000000000002       0.13718921809460952     
   19.450000000000003       0.13690570249034573     
   19.500000000000000       0.13662248213053374     
   19.550000000000001       0.13633955700625264     
   19.600000000000001       0.13605692711839321     
   19.650000000000002       0.13577459246245935     
   19.700000000000003       0.13549255303717875     
   19.750000000000000       0.13521080884865144     
   19.800000000000001       0.13492935987734586     
   19.850000000000001       0.13464820613041470     
   19.900000000000002       0.13436734760061686     
   19.950000000000003       0.13408678429345552     
   20.000000000000000       0.13380651620663339     
   20.050000000000001       0.13352654332968739     
   20.100000000000001       0.13324686566846747     
   20.150000000000002       0.13296748321636837     
   20.200000000000003       0.13268839597475535     
   20.250000000000000       0.13240960393430609     
   20.300000000000001       0.13213110709547857     
   20.350000000000001       0.13185290546676498     
   20.400000000000002       0.13157499903345618     
   20.450000000000003       0.13129738779656347     
   20.500000000000000       0.13102007175077746     
   20.550000000000001       0.13074305089889923     
   20.600000000000001       0.13046632523900628     
   20.650000000000002       0.13018989475626144     
   20.700000000000003       0.12991375946430964     
   20.750000000000000       0.12963791935276958     
   20.800000000000001       0.12936237442086163     
   20.850000000000001       0.12908712466605740     
   20.900000000000002       0.12881217009013207     
   20.950000000000003       0.12853751068798130     
   21.000000000000000       0.12826314644868647     
   21.050000000000001       0.12798907738063986     
   21.100000000000001       0.12771530347807605     
   21.150000000000002       0.12744182473824733     
   21.200000000000003       0.12716864115944007     
   21.250000000000000       0.12689575274081646     
   21.300000000000001       0.12662315947917885     
   21.350000000000001       0.12635086136511747     
   21.400000000000002       0.12607885839754779     
   21.450000000000003       0.12580715058338718     
   21.500000000000000       0.12553573791133474     
   21.550000000000001       0.12526462038847916     
   21.600000000000001       0.12499379800674577     
   21.650000000000002       0.12472327076138855     
   21.700000000000003       0.12445303865218194     
   21.750000000000000       0.12418310168001880     
   21.800000000000001       0.12391345983816496     
   21.850000000000001       0.12364411311853277     
   21.900000000000002       0.12337506153380057     
   21.950000000000003       0.12310630506275846     
   22.000000000000000       0.12283784372119995     
   22.050000000000001       0.12256967749197500     
   22.100000000000001       0.12230180638414449     
   22.150000000000002       0.12203423039250995     
   22.200000000000003       0.12176694950575838     
   22.250000000000000       0.12149996373053090     
   22.300000000000001       0.12123327306330976     
   22.350000000000001       0.12096687749628210     
   22.400000000000002       0.12070077702534834     
   22.450000000000003       0.12043497165788644     
   22.500000000000000       0.12016946138972208     
   22.550000000000001       0.11990424621274270     
   22.600000000000001       0.11963932612251411     
   22.650000000000002       0.11937470112550515     
   22.700000000000003       0.11911037121587277     
   22.750000000000000       0.11884633639003780     
   22.800000000000001       0.11858259664567559     
   22.850000000000001       0.11831915197564349     
   22.900000000000002       0.11805600238063592     
   22.950000000000003       0.11779314786411778     
   23.000000000000000       0.11753058840527039     
   23.050000000000001       0.11726832402089178     
   23.100000000000001       0.11700635469571256     
   23.150000000000002       0.11674468043575420     
   23.200000000000003       0.11648330123736315     
   23.250000000000000       0.11622221709313825     
   23.300000000000001       0.11596142800752318     
   23.350000000000001       0.11570093396882038     
   23.400000000000002       0.11544073498260608     
   23.450000000000003       0.11518083104427725     
   23.500000000000000       0.11492122214679901     
   23.550000000000001       0.11466190828939891     
   23.600000000000001       0.11440288947072098     
   23.650000000000002       0.11414416568419802     
   23.700000000000003       0.11388573693741537     
   23.750000000000000       0.11362760321611177     
   23.800000000000001       0.11336976452374375     
   23.850000000000001       0.11311222085569994     
   23.900000000000002       0.11285497221183496     
   23.950000000000003       0.11259801858729576     
   24.000000000000000       0.11234135997807408     
   24.050000000000001       0.11208499638595272     
   24.100000000000001       0.11182892780067034     
   24.150000000000002       0.11157315422388341     
   24.200000000000003       0.11131767565572794     
   24.250000000000000       0.11106249208694818     
   24.300000000000001       0.11080760351934335     
   24.350000000000001       0.11055300995014131     
   24.400000000000002       0.11029871137262641     
   24.450000000000003       0.11004470779072834     
   24.500000000000000       0.10979099919642825     
   24.550000000000001       0.10953758558824499     
   24.600000000000001       0.10928446696554241     
   24.650000000000002       0.10903164332436512     
   24.700000000000003       0.10877911465552606     
   24.750000000000000       0.10852688096651759     
   24.800000000000001       0.10827494224591713     
   24.850000000000001       0.10802329849537880     
   24.900000000000002       0.10777194971226450     
   24.950000000000003       0.10752089589480847     
   25.000000000000000       0.10727013703639586     
   25.050000000000001       0.10701967313883230     
   25.100000000000001       0.10676950419587637     
   25.150000000000002       0.10651963020495542     
   25.200000000000003       0.10627005116477072     
   25.250000000000000       0.10602076706610308     
   25.300000000000001       0.10577177790997727     
   25.350000000000001       0.10552308369560442     
   25.400000000000002       0.10527468442098976     
   25.450000000000003       0.10502658007732056     
   25.500000000000000       0.10477877066529033     
   25.550000000000001       0.10453125618410872     
   25.600000000000001       0.10428403663093101     
   25.650000000000002       0.10403711199780029     
   25.700000000000003       0.10379048228382338     
   25.750000000000000       0.10354414748801147     
   25.800000000000001       0.10329810760935686     
   25.850000000000001       0.10305236263958012     
   25.900000000000002       0.10280691257694570     
   25.950000000000003       0.10256175742233049     
   26.000000000000000       0.10231689716915304     
   26.050000000000001       0.10207233181591580     
   26.100000000000001       0.10182806135588619     
   26.150000000000002       0.10158408578816565     
   26.200000000000003       0.10134040511058101     
   26.250000000000000       0.10109701932351650     
   26.300000000000001       0.10085392842015785     
   26.350000000000001       0.10061113239672560     
   26.400000000000002       0.10036863125094549     
   26.450000000000003       0.10012642498274688     
   26.500000000000000        9.9884513589044086E-002
   26.550000000000001        9.9642897060729166E-002
   26.600000000000001        9.9401575400707320E-002
   26.650000000000002        9.9160548601032614E-002
   26.700000000000003        9.8919816658192036E-002
   26.750000000000000        9.8679379570341577E-002
   26.800000000000001        9.8439237340761002E-002
   26.850000000000001        9.8199389962322692E-002
   26.900000000000002        9.7959837432850749E-002
   26.950000000000003        9.7720579746697581E-002
   27.000000000000000        9.7481616898543691E-002
   27.050000000000001        9.7242948885046421E-002
   27.100000000000001        9.7004575692967748E-002
   27.150000000000002        9.6766495916830231E-002
   27.200000000000003        9.6528580649517096E-002
   27.250000000000000        9.6278830457148121E-002
   27.300000000000001        9.4881518385303995E-002
   27.350000000000001        2.8840349740169378E-002
   27.400000000000002        6.3153073872397993E-004
   27.450000000000003        8.2018964193793372E-004
   27.500000000000000        1.0635296498262439E-003
   27.550000000000001        1.3752180544494936E-003
   27.600000000000001        1.7713480001938001E-003
   27.650000000000002        2.2704296966100644E-003
   27.700000000000003        2.8931658925463754E-003
   27.750000000000000        3.6619390118173925E-003
   27.800000000000001        4.5999476101940108E-003
   27.850000000000001        5.7299583021514396E-003
   27.900000000000002        7.0726888992248844E-003
   27.950000000000003        8.6449071591944791E-003
   28.000000000000000        1.0457408122941053E-002
   28.050000000000001        1.2513104862371281E-002
   28.100000000000001        1.4805511070061826E-002
   28.150000000000002        1.7317889014881377E-002
   28.200000000000003        2.0023271919650466E-002
   28.250000000000000        2.2883268140764582E-002
   28.300000000000001        2.1006390624515752E-003
   28.350000000000001        6.2591312532510280E-004
   28.400000000000002        8.0955377645023849E-004
   28.450000000000003        1.0446679296226146E-003
   28.500000000000000        1.3433027485204028E-003
   28.550000000000001        1.7192784434533193E-003
   28.600000000000001        2.1880002642332471E-003
   28.650000000000002        2.7660507326135275E-003
   28.700000000000003        3.4705173185450139E-003
   28.750000000000000        4.3180337033949896E-003
   28.800000000000001        5.3235515548641739E-003
   28.850000000000001        6.4989123167584128E-003
   28.900000000000002        7.8513473824441005E-003
   28.950000000000003        9.3820871039678160E-003
   29.000000000000000        1.1085288064246605E-002
   29.050000000000001        1.2947479170522344E-002
   29.100000000000001        1.4947672744649037E-002
   29.150000000000002        1.6033526963077291E-002
   29.200000000000003        5.4979648347067915E-004
   29.250000000000000        7.0836366218711953E-004
   29.300000000000001        9.1042438408297241E-004
   29.350000000000001        1.1657101423251214E-003
   29.400000000000002        1.4851850297190187E-003
   29.450000000000003        1.8808031413708342E-003
   29.500000000000000        2.3650794741926764E-003
   29.550000000000001        2.9504508299755998E-003
   29.600000000000001        3.6484281419154208E-003
   29.650000000000002        4.4685778571625888E-003
   29.700000000000003        5.4174133709029943E-003
   29.750000000000000        6.4973195262419039E-003
   29.800000000000001        7.7056620886254657E-003
   29.850000000000001        9.0342378638303689E-003
   29.900000000000002        1.0469191994207146E-002
   29.950000000000003        1.1913225614789854E-002
   30.000000000000000        5.0847978140500195E-004
   30.050000000000001        6.5210137510442125E-004
   30.100000000000001        8.3384106273394997E-004
   30.150000000000002        1.0616514278285409E-003
   30.200000000000003        1.3442429820193700E-003
   30.250000000000000        1.6907841411051914E-003
   30.300000000000001        2.1104464538124284E-003
   30.350000000000001        2.6117933049722075E-003
   30.400000000000002        3.2020364691442388E-003
   30.450000000000003        3.8862169995928725E-003
   30.500000000000000        4.6663989964948454E-003
   30.550000000000001        5.5409881334366751E-003
   30.600000000000001        6.5042922205376750E-003
   30.650000000000002        7.5464221132479810E-003
   30.700000000000003        8.6535875881931668E-003
   30.750000000000000        9.8087817671728972E-003
   30.800000000000001        1.0992783039164634E-002
   30.850000000000001        1.2185351209853271E-002
   30.900000000000002        1.3366467545216074E-002
   30.950000000000003        1.4517471720958953E-002
   31.000000000000000        1.5621978914488138E-002
   31.050000000000001        1.6666507162740533E-002
   31.100000000000001        1.7640795931409384E-002
   31.150000000000002        1.8537840500038229E-002
   31.200000000000003        1.9353696562775000E-002
   31.250000000000000        2.0087123506052473E-002
   31.300000000000001        2.0739135294159990E-002
   31.350000000000001        2.1312518838845780E-002
   31.400000000000002        2.1811365775095081E-002
   31.450000000000003        2.2240648499267362E-002
   31.500000000000000        2.2605857686796113E-002
   31.550000000000001        2.2912707680347033E-002
   31.600000000000001        2.3166908432560831E-002
   31.650000000000002        2.3373997881977290E-002
   31.700000000000003        2.3539226151112334E-002
   31.750000000000000        2.3667482160551083E-002
   31.800000000000001        2.3763253545865698E-002
   31.850000000000001        2.3830611712448668E-002
   31.900000000000002        2.3873215068838251E-002
   31.950000000000003        2.3894324784542238E-002
   32.000000000000000        2.3896828610916299E-002
   32.050000000000004        2.3883269374206914E-002
   32.100000000000001        2.3855875647778153E-002
   32.149999999999999        2.3816592826445056E-002
   32.200000000000003        2.3767113386377929E-002
   32.250000000000000        2.3708905551626098E-002
   32.300000000000004        2.3643239906468112E-002
   32.350000000000001        2.3571213717325627E-002
   32.399999999999999        2.3493772894303204E-002
   32.450000000000003        2.3411731638155738E-002
   32.500000000000000        2.3325789871452295E-002
   32.550000000000004        2.3236548608748377E-002
   32.600000000000001        2.3144523447927029E-002
   32.649999999999999        2.3050156346401927E-002
   32.700000000000003        2.2953825873380247E-002
   32.750000000000000        2.2855856108483397E-002
   32.800000000000004        2.2756524339143321E-002
   32.850000000000001        2.2656067711776157E-002
   32.899999999999999        2.2554688963953955E-002
   32.950000000000003        2.2452561359953781E-002
   33.000000000000000        2.2349832932966530E-002
   33.050000000000004        2.2246630127331014E-002
   33.100000000000001        2.2143060922368559E-002
   33.149999999999999        2.2039217513215133E-002
   33.200000000000003        2.1935178603659823E-002
   33.250000000000000        2.1831011372040389E-002
   33.300000000000004        2.1726773149627111E-002
   33.350000000000001        2.1622512860345416E-002
   33.399999999999999        2.1518272246848196E-002
   33.450000000000003        2.1414086924815470E-002
   33.500000000000000        2.1309987276537892E-002
   33.550000000000004        2.1205999220003997E-002
   33.600000000000001        2.1102144861488082E-002
   33.649999999999999        2.0998443055657776E-002
   33.700000000000003        2.0894909883724146E-002
   33.750000000000000        2.0791559059049516E-002
   33.800000000000004        2.0688402275628907E-002
   33.850000000000001        2.0585449505542180E-002
   33.899999999999999        2.0482709250936679E-002
   33.950000000000003        2.0380188759718591E-002
   34.000000000000000        2.0277894212327625E-002
   34.050000000000004        2.0175830876069008E-002
   34.100000000000001        2.0074003241804569E-002
   34.149999999999999        1.9972415135370205E-002
   34.200000000000003        1.9871069819078300E-002
   34.250000000000000        1.9769970071795529E-002
   34.300000000000004        1.9669118262124322E-002
   34.350000000000001        1.9568516406283900E-002
   34.399999999999999        1.9468166223023279E-002
   34.450000000000003        1.9368069174796200E-002
   34.500000000000000        1.9268226507465961E-002
   34.550000000000004        1.9168639281329686E-002
   34.600000000000001        1.9069308398745734E-002
   34.649999999999999        1.8970234626726250E-002
   34.700000000000003        1.8871418618219164E-002
   34.750000000000000        1.8772860927544769E-002
   34.800000000000004        1.8674562025168963E-002
   34.850000000000001        1.8576522311330598E-002
   34.899999999999999        1.8478742124796090E-002
   34.950000000000003        1.8381221752986458E-002
   35.000000000000000        1.8283961438901233E-002
   35.050000000000004        1.8186961387948054E-002
   35.100000000000001        1.8090221774113926E-002
   35.149999999999999        1.7993742742947568E-002
   35.200000000000003        1.7897524417434869E-002
   35.250000000000000        1.7801566899576418E-002
   35.300000000000004        1.7705870276240994E-002
   35.350000000000001        1.7610434618355372E-002
   35.399999999999999        1.7515259984939965E-002
   35.450000000000003        1.7420346424909090E-002
   35.500000000000000        1.7325693977494307E-002
   35.550000000000004        1.7231302674754187E-002
   35.600000000000001        1.7137172542024102E-002
   35.649999999999999        1.7043303599091501E-002
   35.700000000000003        1.6949695861014167E-002
   35.750000000000000        1.6856349338605879E-002
   35.800000000000004        1.6763264039621219E-002
   35.850000000000001        1.6670439968001060E-002
   35.899999999999999        1.6577877126238524E-002
   35.950000000000003        1.6485575514098925E-002
   36.000000000000000        1.6393535129195162E-002
   36.050000000000004        1.6301755967390766E-002
   36.100000000000001        1.6210238024691518E-002
   36.149999999999999        1.6118981294455298E-002
   36.200000000000003        1.6027985768915197E-002
   36.250000000000000        1.5937251440391761E-002
   36.300000000000004        1.5846778300551114E-002
   36.350000000000001        1.5756566338973849E-002
   36.399999999999999        1.5666615545846634E-002
   36.450000000000003        1.5576925910630625E-002
   36.500000000000000        1.5487497422094371E-002
   36.550000000000004        1.5398330068985114E-002
   36.600000000000001        1.5309423839531929E-002
   36.649999999999999        1.5220778721687069E-002
   36.700000000000003        1.5132394702975782E-002
   36.750000000000000        1.5044271770794371E-002
   36.800000000000004        1.4956409912879097E-002
   36.850000000000001        1.4868809115751889E-002
   36.899999999999999        1.4781469366699421E-002
   36.950000000000003        1.4694390652246304E-002
   37.000000000000000        1.4607572959045625E-002
   37.050000000000004        1.4521016273211364E-002
   37.100000000000001        1.4434720581204784E-002
   37.149999999999999        1.4348685869544381E-002
   37.200000000000003        1.4262912123595633E-002
   37.250000000000000        1.4177399329586242E-002
   37.300000000000004        1.4092147473512175E-002
   37.350000000000001        1.4007156540653426E-002
   37.399999999999999        1.3922426517329211E-002
   37.450000000000003        1.3837957388477925E-002
   37.500000000000000        1.3753749139775904E-002
   37.550000000000004        1.3669801756413668E-002
   37.600000000000001        1.3586115223820083E-002
   37.649999999999999        1.3502689526926260E-002
   37.700000000000003        1.3419524650563694E-002
   37.750000000000000        1.3336620580092017E-002
   37.800000000000004        1.3253977300274385E-002
   37.850000000000001        1.3171594795937901E-002
   37.899999999999999        1.3089473051520036E-002
   37.950000000000003        1.3007612051535807E-002
   38.000000000000000        1.2926011780612737E-002
   38.050000000000004        1.2844672223442245E-002
   38.100000000000001        1.2763593363690498E-002
   38.149999999999999        1.2682775185656197E-002
   38.200000000000003        1.2602217673857687E-002
   38.250000000000000        1.2521920812046854E-002
   38.300000000000004        1.2441884584328634E-002
   38.350000000000001        1.2362108974224476E-002
   38.400000000000006        1.2282593965567693E-002
   38.450000000000003        1.2203339541756437E-002
   38.500000000000000        1.2124345686488064E-002
   38.550000000000004        1.2045612383308535E-002
   38.600000000000001        1.1967139615073097E-002
   38.650000000000006        1.1888927365329005E-002
   38.700000000000003        1.1810975617352669E-002
   38.750000000000000        1.1733284353821484E-002
   38.800000000000004        1.1655853557590296E-002
   38.850000000000001        1.1578683211784268E-002
   38.900000000000006        1.1501773298497688E-002
   38.950000000000003        1.1425123800953856E-002
   39.000000000000000        1.1348734701051544E-002
   39.050000000000004        1.1272605981254000E-002
   39.100000000000001        1.1196737624134718E-002
   39.150000000000006        1.1121129611611987E-002
   39.200000000000003        1.1045781925449499E-002
   39.250000000000000        1.0970694547890071E-002
   39.300000000000004        1.0895867460727833E-002
   39.350000000000001        1.0821300645486837E-002
   39.400000000000006        1.0746994083530937E-002
   39.450000000000003        1.0672947756581135E-002
   39.500000000000000        1.0599161645852541E-002
   39.550000000000004        1.0525635732550723E-002
   39.600000000000001        1.0452369997619291E-002
   39.650000000000006        1.0379364422006189E-002
   39.700000000000003        1.0306618986717333E-002
   39.750000000000000        1.0234133672296919E-002
   39.800000000000004        1.0161908459488271E-002
   39.850000000000001        1.0089943328544819E-002
   39.900000000000006        1.0018238259922704E-002
   39.950000000000003        9.9467932335333426E-003
   40.000000000000000        9.8756082296652913E-003
   40.050000000000004        9.8046832281176097E-003
   40.100000000000001        9.7340182087152088E-003
   40.150000000000006        9.6636131510765191E-003
   40.200000000000003        9.5934680349033189E-003
   40.250000000000000        9.5235828393232021E-003
   40.300000000000004        9.4539575435394780E-003
   40.350000000000001        9.3845921267978680E-003
   40.400000000000006        9.3154865679247190E-003
   40.450000000000003        9.2466408458477915E-003
   40.500000000000000        9.1780549391723195E-003
   40.550000000000004        9.1097288262213996E-003
   40.600000000000001        9.0416624855618258E-003
   40.650000000000006        8.9738558952556450E-003
   40.700000000000003        8.9063090335034355E-003
   40.750000000000000        8.8390218781376241E-003
   40.800000000000004        8.7719944068963829E-003
   40.850000000000001        8.7052265974575209E-003
   40.900000000000006        8.6387184272717615E-003
   40.950000000000003        8.5724698734932717E-003
   41.000000000000000        8.5064809133098603E-003
   41.050000000000004        8.4407515234655242E-003
   41.100000000000001        8.3752816810472811E-003
   41.150000000000006        8.3100713625056215E-003
   41.200000000000003        8.2451205444103223E-003
   41.250000000000000        8.1804292028031522E-003
   41.300000000000004        8.1159973139504279E-003
   41.350000000000001        8.0518248539247356E-003
   41.400000000000006        7.9879117983318905E-003
   41.450000000000003        7.9242581228780636E-003
   41.500000000000000        7.8608638027101285E-003
   41.550000000000004        7.7977288133010891E-003
   41.600000000000001        7.7348531297293435E-003
   41.650000000000006        7.6722367265496302E-003
   41.700000000000003        7.6098795786372977E-003
   41.750000000000000        7.5477816603580061E-003
   41.800000000000004        7.4859429460926311E-003
   41.850000000000001        7.4243634100367370E-003
   41.900000000000006        7.3630430259025393E-003
   41.950000000000003        7.3019817673818455E-003
   42.000000000000000        7.2411796080654777E-003
   42.050000000000004        7.1806365213052713E-003
   42.100000000000001        7.1203524799613198E-003
   42.150000000000006        7.0603274570876801E-003
   42.200000000000003        7.0005614253356996E-003
   42.250000000000000        6.9410543572701522E-003
   42.300000000000004        6.8818062249787438E-003
   42.350000000000001        6.8228170006124148E-003
   42.400000000000006        6.7640866558305729E-003
   42.450000000000003        6.7056151623545168E-003
   42.500000000000000        6.6474024915994089E-003
   42.550000000000004        6.5894486145410937E-003
   42.600000000000001        6.5317535022149315E-003
   42.650000000000006        6.4743171251776784E-003
   42.700000000000003        6.4171394539612910E-003
   42.750000000000000        6.3602204588555106E-003
   42.800000000000004        6.3035601096725659E-003
   42.850000000000001        6.2471583762712243E-003
   42.900000000000006        6.1910152280668634E-003
   42.950000000000003        6.1351306341762704E-003
   43.000000000000000        6.0795045636545851E-003
   43.050000000000004        6.0241369852228159E-003
   43.100000000000001        5.9690278673043638E-003
   43.150000000000006        5.9141771781982691E-003
   43.200000000000003        5.8595848857763621E-003
   43.250000000000000        5.8052509576498870E-003
   43.300000000000004        5.7511753613032762E-003
   43.350000000000001        5.6973580637803270E-003
   43.400000000000006        5.6437990319429315E-003
   43.450000000000003        5.5904982323613283E-003
   43.500000000000000        5.5374556313924203E-003
   43.550000000000004        5.4846711949063749E-003
   43.600000000000001        5.4321448886657893E-003
   43.650000000000006        5.3798766779841693E-003
   43.700000000000003        5.3278665279284610E-003
   43.750000000000000        5.2761144033829704E-003
   43.800000000000004        5.2246202687792273E-003
   43.850000000000001        5.1733840883406877E-003
   43.900000000000006        5.1224058258727799E-003
   43.950000000000003        5.0716854448975956E-003
   44.000000000000000        5.0212229087163354E-003
   44.050000000000004        4.9710181801048284E-003
   44.100000000000001        4.9210712216021801E-003
   44.150000000000006        4.8713819955576798E-003
   44.200000000000003        4.8219504637343593E-003
   44.250000000000000        4.7727765877161625E-003
   44.300000000000004        4.7238603286261782E-003
   44.350000000000001        4.6752016472833158E-003
   44.400000000000006        4.6268005041770043E-003
   44.450000000000003        4.5786568593738858E-003
   44.500000000000000        4.5307706725587118E-003
   44.550000000000004        4.4831419030708294E-003
   44.600000000000001        4.4357705100152127E-003
   44.650000000000006        4.3886564518584173E-003
   44.700000000000003        4.3417996867402154E-003
   44.750000000000000        4.2952001725437387E-003
   44.800000000000004        4.2488578666102167E-003
   44.850000000000001        4.2027727259591162E-003
   44.900000000000006        4.1569447071156430E-003
   44.950000000000003        4.1113737662824747E-003
   45.000000000000000        4.0660598590971583E-003
   45.050000000000004        4.0210029409577840E-003
   45.100000000000001        3.9762029665756050E-003
   45.150000000000006        3.9316598904966683E-003
   45.200000000000003        3.8873736665451012E-003
   45.250000000000000        3.8433442482685210E-003
   45.300000000000004        3.7995715887712248E-003
   45.350000000000001        3.7560556405987931E-003
   45.400000000000006        3.7127963557229268E-003
   45.450000000000003        3.6697936858277533E-003
   45.500000000000000        3.6270475819890052E-003
   45.550000000000004        3.5845579948424553E-003
   45.600000000000001        3.5423248745126519E-003
   45.650000000000006        3.5003481705686121E-003
   45.700000000000003        3.4586278320417022E-003
   45.750000000000000        3.4171638074976312E-003
   45.800000000000004        3.3759560449019791E-003
   45.850000000000001        3.3350044916723534E-003
   45.900000000000006        3.2943090947751604E-003
   45.950000000000003        3.2538698004973684E-003
   46.000000000000000        3.2136865545745776E-003
   46.050000000000004        3.1737593021522919E-003
   46.100000000000001        3.1340879878463145E-003
   46.150000000000006        3.0946725556162242E-003
   46.200000000000003        3.0555129488385332E-003
   46.250000000000000        3.0166091102077938E-003
   46.300000000000004        2.9779609818938475E-003
   46.350000000000001        2.9395685053462649E-003
   46.400000000000006        2.9014316213445478E-003
   46.450000000000003        2.8635502700826970E-003
   46.500000000000000        2.8259243910550499E-003
   46.550000000000004        2.7885539230238358E-003
   46.600000000000001        2.7514388040899697E-003
   46.650000000000006        2.7145789716351062E-003
   46.700000000000003        2.6779743623474594E-003
   46.750000000000000        2.6416249121683126E-003
   46.800000000000004        2.6055305562997380E-003
   46.850000000000001        2.5696912291479305E-003
   46.900000000000006        2.5341068644263711E-003
   46.950000000000003        2.4987773949469148E-003
   47.000000000000000        2.4637027528327197E-003
   47.050000000000004        2.4288828693632605E-003
   47.100000000000001        2.3943176749490051E-003
   47.150000000000006        2.3600070992159188E-003
   47.200000000000003        2.3259510708728902E-003
   47.250000000000000        2.2921495178111436E-003
   47.300000000000004        2.2586023670272031E-003
   47.350000000000001        2.2253095446318634E-003
   47.400000000000006        2.1922709757277638E-003
   47.450000000000003        2.1594865845399650E-003
   47.500000000000000        2.1269562943757991E-003
   47.550000000000004        2.0946800274999964E-003
   47.600000000000001        2.0626577052217914E-003
   47.650000000000006        2.0308892478373671E-003
   47.700000000000003        1.9993745745941747E-003
   47.750000000000000        1.9681136037213937E-003
   47.800000000000004        1.9371062523817041E-003
   47.850000000000001        1.9063524366030723E-003
   47.900000000000006        1.8758520713267589E-003
   47.950000000000003        1.8456050703534439E-003
   48.000000000000000        1.8156113463487875E-003
   48.050000000000004        1.7858708107827408E-003
   48.100000000000001        1.7563833739190806E-003
   48.150000000000006        1.7271489448081221E-003
   48.200000000000003        1.6981674312384605E-003
   48.250000000000000        1.6694387397217705E-003
   48.300000000000004        1.6409627754689149E-003
   48.350000000000001        1.6127394423348137E-003
   48.400000000000006        1.5847686428521210E-003
   48.450000000000003        1.5570502781275569E-003
   48.500000000000000        1.5295842478787087E-003
   48.550000000000004        1.5023704503769168E-003
   48.600000000000001        1.4754087823983311E-003
   48.650000000000006        1.4486991392161160E-003
   48.700000000000003        1.4222414145420039E-003
   48.750000000000000        1.3960355005131076E-003
   48.800000000000004        1.3700812876827550E-003
   48.850000000000001        1.3443786649233059E-003
   48.900000000000006        1.3189275194149805E-003
   48.950000000000003        1.2937277366320836E-003
   49.000000000000000        1.2687792002633392E-003
   49.050000000000004        1.2440817922025110E-003
   49.100000000000001        1.2196353925051963E-003
   49.150000000000006        1.1954398793017674E-003
   49.200000000000003        1.1714951288205394E-003
   49.250000000000000        1.1478010152754362E-003
   49.300000000000004        1.1243574108745812E-003
   49.350000000000001        1.1011641857295547E-003
   49.400000000000006        1.0782212077969562E-003
   49.450000000000003        1.0555283428988877E-003
   49.500000000000000        1.0330854545744534E-003
   49.550000000000004        1.0108924040979955E-003
   49.600000000000001        9.8894905035889591E-004
   49.650000000000006        9.6725524984445576E-004
   49.700000000000003        9.4581085655622596E-004
   49.750000000000000        9.2461572195656056E-004
   49.800000000000004        9.0366969489341664E-004
   49.850000000000001        8.8297262153979672E-004
   49.900000000000006        8.6252434530724508E-004
   49.950000000000003        8.4232470678309514E-004
   50.000000000000000        8.2237354364382228E-004
   50.050000000000004        8.0267069057941864E-004
   50.100000000000001        7.8321597920523976E-004
   50.150000000000006        7.6400923797791955E-004
   50.200000000000003        7.4505029210834015E-004
   50.250000000000000        7.2633896345618146E-004
   50.300000000000004        7.0787507043157979E-004
   50.350000000000001        6.8965842791502547E-004
   50.400000000000006        6.7168884711265838E-004
   50.450000000000003        6.5396613547875947E-004
   50.500000000000000        6.3649009658666854E-004
   50.550000000000004        6.1926053000634464E-004
   50.600000000000001        6.0227723117298258E-004
   50.650000000000006        5.8553999126490235E-004
   50.700000000000003        5.6904859706024625E-004
   50.750000000000000        5.5280283079600992E-004
   50.800000000000004        5.3680247001086276E-004
   50.850000000000001        5.2104728738793589E-004
   50.900000000000006        5.0553705059464416E-004
   50.950000000000003        4.9027152210194558E-004
   51.000000000000000        4.7525045899880297E-004
   51.050000000000004        4.6047361280911902E-004
   51.100000000000001        4.4594072928719739E-004
   51.150000000000006        4.3165154819404595E-004
   51.200000000000003        4.1760580309097299E-004
   51.250000000000000        4.0380322109141400E-004
   51.300000000000004        3.9024352260934536E-004
   51.350000000000001        3.7692642111155082E-004
   51.400000000000006        3.6385162282270243E-004
   51.450000000000003        3.5101882644157574E-004
   51.500000000000000        3.3842772282549654E-004
   51.550000000000004        3.2607799466435574E-004
   51.600000000000001        3.1396931612168763E-004
   51.650000000000006        3.0210135247128576E-004
   51.700000000000003        2.9047375969683536E-004
   51.750000000000000        2.7908618407144255E-004
   51.800000000000004        2.6793826170435893E-004
   51.850000000000001        2.5702961806124404E-004
   51.900000000000006        2.4635986745208372E-004
   51.950000000000003        2.3592861248146501E-004
   52.000000000000000        2.2573544345766555E-004
   52.050000000000004        2.1577993775131945E-004
   52.100000000000001        2.0606165912354335E-004
   52.150000000000006        1.9658015698541048E-004
   52.200000000000003        1.8733496560661536E-004
   52.250000000000000        1.7832560325258505E-004
   52.300000000000004        1.6955157126022526E-004
   52.350000000000001        1.6101235302816509E-004
   52.400000000000006        1.5270741291651532E-004
   52.450000000000003        1.4463619505214567E-004
   52.500000000000000        1.3679812202503422E-004
   52.550000000000004        1.2919259345605175E-004
   52.600000000000001        1.2181898442917360E-004
   52.650000000000006        1.1467664377113542E-004
   52.700000000000003        1.0776489214562672E-004
   52.750000000000000        1.0108301995435804E-004
   52.800000000000004        9.4630285008540525E-005
   52.850000000000001        8.8405909939988990E-005
   52.900000000000006        8.2409079318655624E-005
   52.950000000000003        7.6638936425241271E-005
   53.000000000000000        7.1094579635213410E-005
   53.050000000000004        6.5775058346985771E-005
   53.100000000000001        6.0679368385069966E-005
   53.150000000000006        5.5806446788273391E-005
   53.200000000000003        5.1155165881807206E-005
   53.250000000000000        4.6724326503890902E-005
   53.300000000000004        4.2512650237877535E-005
   53.350000000000001        3.8518770460204472E-005
   53.400000000000006        3.4741221980044723E-005
   53.450000000000003        3.1178428987677818E-005
   53.500000000000000        2.7828690965327776E-005
   53.550000000000004        2.4690166126036497E-005
   53.600000000000001        2.1760851837479981E-005
   53.650000000000006        1.9038561341946074E-005
   53.700000000000003        1.6520895900936853E-005
   53.750000000000000        1.4205211245594936E-005
   53.800000000000004        1.2088576898116565E-005
   53.850000000000001        1.0167726510949363E-005
   53.900000000000006        8.4389968320818170E-006
   53.950000000000003        6.8982522221095504E-006
   54.000000000000000        5.5407908374601312E-006
